setTime: 1637828098846561
[1480.0, 1637828098846561.0]
[1480.0, 1637828100968561.0]
[1480.0, 1637828100968561.0]
[1480.0, 1637828103180561.0]
[1393.0, 1637828103180561.0]
[1393.0, 1637828104938561.0]
[1830.0, 1637828104938561.0]
[1830.0, 1637828107202561.0]
[1754.0, 1637828107202561.0]
[1754.0, 1637828109146561.0]
[1393.0, 1637828109146561.0]
[1393.0, 1637828111382561.0]
[1069.0, 1637828111382561.0]
[1069.0, 1637828112620561.0]
[2187.0, 1637828112620561.0]
[2187.0, 1637828113928561.0]
[1992.0, 1637828113928561.0]
[1992.0, 1637828115253561.0]
[1843.0, 1637828115253561.0]
[1843.0, 1637828116693561.0]
[1913.0, 1637828116693561.0]
[1913.0, 1637828118282561.0]
[2466.0, 1637828118282561.0]
[2466.0, 1637828120302561.0]
[1546.0, 1637828120302561.0]
[1546.0, 1637828121674561.0]
[2313.0, 1637828121674561.0]
[2313.0, 1637828123848561.0]
[1787.0, 1637828123848561.0]
[1787.0, 1637828125569561.0]
[2077.0, 1637828125569561.0]
[2077.0, 1637828127010561.0]
[1377.0, 1637828127010561.0]
[1377.0, 1637828128249561.0]
[1512.0, 1637828128249561.0]
[1512.0, 1637828130510561.0]
[2000.0, 1637828130510561.0]
[2000.0, 1637828131882561.0]
[2165.0, 1637828131882561.0]
[2165.0, 1637828133362561.0]
[2278.0, 1637828133362561.0]
[2278.0, 1637828134973561.0]
[1374.0, 1637828134973561.0]
[1374.0, 1637828136887561.0]
[2361.0, 1637828136887561.0]
[2361.0, 1637828138706561.0]
[1794.0, 1637828138706561.0]
[1794.0, 1637828140235561.0]
[2126.0, 1637828140235561.0]
[2126.0, 1637828141578561.0]
[1904.0, 1637828141578561.0]
[1904.0, 1637828142912561.0]
[1054.0, 1637828142912561.0]
[1054.0, 1637828144334561.0]
[2405.0, 1637828144334561.0]
[2405.0, 1637828146039561.0]
[1490.0, 1637828146039561.0]
[1490.0, 1637828147423561.0]
[2326.0, 1637828147423561.0]
[2326.0, 1637828148718561.0]
[1331.0, 1637828148718561.0]
[1331.0, 1637828150118561.0]
[1856.0, 1637828150118561.0]
[1856.0, 1637828151878561.0]
[2405.0, 1637828151878561.0]
[2405.0, 1637828153849561.0]
[2363.0, 1637828153849561.0]
[2363.0, 1637828155018561.0]
[2034.0, 1637828155018561.0]
[2034.0, 1637828156736561.0]
[1666.0, 1637828156736561.0]
[1666.0, 1637828158716561.0]
[2007.0, 1637828158716561.0]
[2007.0, 1637828160452561.0]
[1558.0, 1637828160452561.0]
[1558.0, 1637828161976561.0]
[1257.0, 1637828161976561.0]
[1257.0, 1637828163562561.0]
[2388.0, 1637828163562561.0]
[2388.0, 1637828165458561.0]
[1342.0, 1637828165458561.0]
[1342.0, 1637828167062561.0]
[1171.0, 1637828167062561.0]
[1171.0, 1637828168597561.0]
[1161.0, 1637828168597561.0]
[1161.0, 1637828170282561.0]
[1060.0, 1637828170282561.0]
[1060.0, 1637828171452561.0]
[2367.0, 1637828171452561.0]
[2367.0, 1637828172889561.0]
[1803.0, 1637828172889561.0]
[1803.0, 1637828174642561.0]
[2168.0, 1637828174642561.0]
[2168.0, 1637828176376561.0]
[2181.0, 1637828176376561.0]
[2181.0, 1637828178496561.0]
[2073.0, 1637828178496561.0]
[2073.0, 1637828180164561.0]
[1054.0, 1637828180164561.0]
[1054.0, 1637828181626561.0]
[1331.0, 1637828181626561.0]
[1331.0, 1637828183336561.0]
[1336.0, 1637828183336561.0]
[1336.0, 1637828185429561.0]
[1845.0, 1637828185429561.0]
[1845.0, 1637828187246561.0]
[1241.0, 1637828187246561.0]
[1241.0, 1637828188845561.0]
[2133.0, 1637828188845561.0]
[2133.0, 1637828190654561.0]
[1778.0, 1637828190654561.0]
[1778.0, 1637828192402561.0]
[1076.0, 1637828192402561.0]
[1076.0, 1637828194024561.0]
[1648.0, 1637828194024561.0]
[1648.0, 1637828196262561.0]
[1901.0, 1637828196262561.0]
[1901.0, 1637828198317561.0]
[2059.0, 1637828198317561.0]
[2059.0, 1637828199889561.0]
[2140.0, 1637828199889561.0]
1637828098921715
1637828098890075
===================================
target: 3 ; 1637828098952780
DROP ; 1637828098921715 
DROP ; 1637828098952827 
===================================
target: 4 ; 1637828098981746
DROP ; 1637828098981756 
===================================
target: 5 ; 1637828099015168
DROP ; 1637828099015175 
4815 ; 1637828099016938 
===================================
target: 6 ; 1637828099016987
86 ; 1637828099047488 
87 ; 1637828099080737 
156 ; 1637828099114271 
287 ; 1637828099147686 
357 ; 1637828099181160 
520 ; 1637828099214486 
519 ; 1637828099247918 
552 ; 1637828099281428 
510 ; 1637828099315017 
709 ; 1637828099348262 
675 ; 1637828099381531 
628 ; 1637828099414891 
839 ; 1637828099448353 
671 ; 1637828099481579 
807 ; 1637828099514974 
797 ; 1637828099548340 
702 ; 1637828099581698 
741 ; 1637828099614145 
772 ; 1637828099647465 
===================================
target: 7 ; 1637828099658005
1601 ; 1637828099680935 
692 ; 1637828099714059 
935 ; 1637828099747501 
899 ; 1637828099781005 
980 ; 1637828099814242 
1187 ; 1637828099847891 
===================================
target: 8 ; 1637828099860167
728 ; 1637828099880887 
1312 ; 1637828099914567 
910 ; 1637828099948367 
839 ; 1637828099981393 
1144 ; 1637828100014681 
===================================
target: 9 ; 1637828100047174
859 ; 1637828100048063 
1025 ; 1637828100081419 
===================================
target: 10 ; 1637828100091973
1319 ; 1637828100114864 
1085 ; 1637828100148052 
1097 ; 1637828100181652 
1245 ; 1637828100214873 
1325 ; 1637828100248332 
1114 ; 1637828100281731 
===================================
target: 11 ; 1637828100295971
1040 ; 1637828100315935 
1399 ; 1637828100347473 
1177 ; 1637828100380824 
1177 ; 1637828100414194 
1325 ; 1637828100447657 
1156 ; 1637828100480892 
===================================
target: 12 ; 1637828100495295
1152 ; 1637828100514196 
1187 ; 1637828100547579 
1284 ; 1637828100581119 
1094 ; 1637828100614328 
1122 ; 1637828100647834 
1268 ; 1637828100681166 
1121 ; 1637828100714593 
===================================
target: 13 ; 1637828100722783
1202 ; 1637828100747979 
1190 ; 1637828100781497 
1189 ; 1637828100814781 
1235 ; 1637828100848222 
1185 ; 1637828100881559 
1136 ; 1637828100914966 
===================================
target: 14 ; 1637828100926383
1143 ; 1637828100948597 
1215 ; 1637828100981117 
1194 ; 1637828101014398 
1119 ; 1637828101047829 
881 ; 1637828101081371 
1373 ; 1637828101115158 
===================================
target: 15 ; 1637828101128444
1062 ; 1637828101148066 
1282 ; 1637828101181418 
1268 ; 1637828101214644 
1154 ; 1637828101248349 
919 ; 1637828101281767 
915 ; 1637828101314832 
1734 ; 1637828101348313 
===================================
target: 16 ; 1637828101363039
893 ; 1637828101381532 
1244 ; 1637828101415086 
1246 ; 1637828101448420 
1202 ; 1637828101480701 
1233 ; 1637828101513951 
1345 ; 1637828101547434 
===================================
target: 17 ; 1637828101561696
1506 ; 1637828101581101 
1410 ; 1637828101614388 
1498 ; 1637828101647839 
1746 ; 1637828101681255 
1482 ; 1637828101714540 
1511 ; 1637828101747873 
===================================
target: 18 ; 1637828101762893
1427 ; 1637828101781413 
1435 ; 1637828101815332 
1371 ; 1637828101847351 
1583 ; 1637828101881083 
1551 ; 1637828101914412 
1180 ; 1637828101947904 
1384 ; 1637828101981507 
===================================
target: 19 ; 1637828102001564
1431 ; 1637828102015648 
1368 ; 1637828102048340 
1383 ; 1637828102080972 
1451 ; 1637828102114212 
1323 ; 1637828102147497 
1337 ; 1637828102180919 
1607 ; 1637828102214603 
===================================
target: 20 ; 1637828102229834
942 ; 1637828102248343 
1215 ; 1637828102282775 
1339 ; 1637828102314376 
1292 ; 1637828102348450 
956 ; 1637828102381823 
1263 ; 1637828102415232 
===================================
target: 21 ; 1637828102430046
1313 ; 1637828102448657 
1437 ; 1637828102481420 
1198 ; 1637828102515046 
1972 ; 1637828102548953 
1351 ; 1637828102581797 
1766 ; 1637828102615344 
===================================
target: 22 ; 1637828102635641
1480 ; 1637828102647508 
1731 ; 1637828102681296 
1748 ; 1637828102714738 
1071 ; 1637828102748505 
1529 ; 1637828102781052 
1529 ; 1637828102814770 
1434 ; 1637828102848031 
===================================
target: 23 ; 1637828102858720
1577 ; 1637828102881447 
===================================
target: 24 ; 1637828102915107
5798 ; 1637828102918119 
===================================
target: 25 ; 1637828102918405
201 ; 1637828102947819 
212 ; 1637828102981145 
201 ; 1637828103014632 
381 ; 1637828103048298 
434 ; 1637828103081749 
===================================
target: 26 ; 1637828103087038
666 ; 1637828103114391 
840 ; 1637828103149077 
928 ; 1637828103182061 
1104 ; 1637828103215649 
1102 ; 1637828103248353 
1025 ; 1637828103281571 
===================================
target: 27 ; 1637828103290111
1200 ; 1637828103314943 
1291 ; 1637828103348671 
1169 ; 1637828103381947 
1228 ; 1637828103415269 
1218 ; 1637828103448777 
1416 ; 1637828103481216 
===================================
target: 28 ; 1637828103495452
1312 ; 1637828103514670 
1622 ; 1637828103548149 
1480 ; 1637828103581848 
1346 ; 1637828103615018 
1553 ; 1637828103648374 
1451 ; 1637828103681866 
===================================
target: 29 ; 1637828103699019
1766 ; 1637828103715312 
1412 ; 1637828103748776 
1461 ; 1637828103781318 
2006 ; 1637828103814703 
1352 ; 1637828103847978 
1882 ; 1637828103881501 
1645 ; 1637828103914956 
===================================
target: 30 ; 1637828103930510
1554 ; 1637828103948358 
1575 ; 1637828103981742 
1895 ; 1637828104015160 
1374 ; 1637828104048555 
1693 ; 1637828104082164 
1487 ; 1637828104114490 
===================================
target: 31 ; 1637828104129344
1596 ; 1637828104147994 
1360 ; 1637828104181296 
1870 ; 1637828104215176 
1528 ; 1637828104248280 
1888 ; 1637828104281592 
1584 ; 1637828104315006 
1715 ; 1637828104348405 
===================================
target: 32 ; 1637828104362952
1829 ; 1637828104381775 
1406 ; 1637828104415416 
1624 ; 1637828104448806 
1752 ; 1637828104481090 
1693 ; 1637828104514613 
1901 ; 1637828104548134 
===================================
target: 33 ; 1637828104564556
2011 ; 1637828104581571 
1782 ; 1637828104616493 
1918 ; 1637828104648744 
1970 ; 1637828104681996 
1916 ; 1637828104715379 
1839 ; 1637828104748002 
===================================
target: 34 ; 1637828104764653
1712 ; 1637828104781277 
1823 ; 1637828104814572 
1527 ; 1637828104848047 
2008 ; 1637828104881370 
1574 ; 1637828104914906 
1567 ; 1637828104948409 
1532 ; 1637828104981904 
===================================
target: 35 ; 1637828104995091
1928 ; 1637828105015337 
1640 ; 1637828105047758 
1633 ; 1637828105081457 
1350 ; 1637828105114934 
1605 ; 1637828105148167 
1733 ; 1637828105181637 
===================================
target: 36 ; 1637828105194801
1973 ; 1637828105215033 
1858 ; 1637828105248646 
1799 ; 1637828105282119 
1954 ; 1637828105314524 
2294 ; 1637828105347911 
2292 ; 1637828105381323 
===================================
target: 37 ; 1637828105397396
1962 ; 1637828105415071 
2121 ; 1637828105448180 
2098 ; 1637828105481617 
1860 ; 1637828105515078 
2211 ; 1637828105548509 
1640 ; 1637828105581945 
1776 ; 1637828105615282 
===================================
target: 38 ; 1637828105626189
2145 ; 1637828105649023 
1768 ; 1637828105681835 
1866 ; 1637828105714564 
1862 ; 1637828105748004 
1920 ; 1637828105781442 
2033 ; 1637828105814802 
===================================
target: 39 ; 1637828105829946
2014 ; 1637828105848455 
2050 ; 1637828105882232 
1980 ; 1637828105914645 
1824 ; 1637828105947940 
2091 ; 1637828105981410 
1826 ; 1637828106014761 
===================================
target: 40 ; 1637828106030742
2109 ; 1637828106048144 
1852 ; 1637828106081569 
1839 ; 1637828106116557 
2069 ; 1637828106148766 
1724 ; 1637828106181160 
1968 ; 1637828106214585 
1645 ; 1637828106258938 
===================================
target: 41 ; 1637828106268935
1621 ; 1637828106281292 
1886 ; 1637828106314825 
2361 ; 1637828106348281 
1713 ; 1637828106381627 
1991 ; 1637828106415135 
1808 ; 1637828106448887 
2077 ; 1637828106481917 
===================================
target: 42 ; 1637828106499026
1905 ; 1637828106515397 
1897 ; 1637828106547934 
1739 ; 1637828106581407 
1771 ; 1637828106615003 
2046 ; 1637828106648613 
2186 ; 1637828106682274 
===================================
target: 43 ; 1637828106699388
2352 ; 1637828106716516 
2018 ; 1637828106748533 
1854 ; 1637828106782262 
1915 ; 1637828106815239 
1964 ; 1637828106848777 
2207 ; 1637828106882182 
===================================
target: 44 ; 1637828106914239
6434 ; 1637828106918581 
===================================
target: 45 ; 1637828106935583
393 ; 1637828106948424 
465 ; 1637828106981513 
467 ; 1637828107015012 
495 ; 1637828107049099 
792 ; 1637828107082549 
1190 ; 1637828107116007 
1184 ; 1637828107149762 
===================================
target: 46 ; 1637828107159981
1478 ; 1637828107181875 
1439 ; 1637828107216610 
1594 ; 1637828107249757 
1451 ; 1637828107282269 
1787 ; 1637828107318814 
1624 ; 1637828107349911 
===================================
target: 47 ; 1637828107364730
1728 ; 1637828107383725 
1864 ; 1637828107415773 
2098 ; 1637828107449061 
1812 ; 1637828107482500 
2423 ; 1637828107516025 
2229 ; 1637828107549830 
===================================
target: 48 ; 1637828107565563
1838 ; 1637828107583287 
2010 ; 1637828107616440 
2090 ; 1637828107649248 
2213 ; 1637828107682124 
2314 ; 1637828107715695 
2275 ; 1637828107749600 
===================================
target: 49 ; 1637828107769856
2106 ; 1637828107782998 
2327 ; 1637828107816872 
2279 ; 1637828107849887 
2497 ; 1637828107883353 
2235 ; 1637828107916415 
2009 ; 1637828107949553 
2099 ; 1637828107983676 
===================================
target: 50 ; 1637828107996647
2576 ; 1637828108016064 
2029 ; 1637828108049889 
2304 ; 1637828108083294 
2476 ; 1637828108115929 
2337 ; 1637828108150179 
2301 ; 1637828108182651 
2740 ; 1637828108220004 
===================================
target: 51 ; 1637828108220243
1918 ; 1637828108250003 
2118 ; 1637828108283214 
1978 ; 1637828108315865 
1966 ; 1637828108349532 
2307 ; 1637828108382838 
2054 ; 1637828108418228 
===================================
target: 52 ; 1637828108434330
2596 ; 1637828108448983 
2140 ; 1637828108482094 
2247 ; 1637828108515818 
2739 ; 1637828108549195 
2100 ; 1637828108584360 
2359 ; 1637828108616201 
===================================
target: 53 ; 1637828108632078
2135 ; 1637828108650938 
2897 ; 1637828108683549 
2305 ; 1637828108716336 
2876 ; 1637828108749948 
1899 ; 1637828108783248 
3039 ; 1637828108816171 
===================================
target: 54 ; 1637828108835438
2196 ; 1637828108849493 
3432 ; 1637828108883691 
2093 ; 1637828108916034 
2428 ; 1637828108949216 
2265 ; 1637828108982233 
2627 ; 1637828109016156 
2564 ; 1637828109049960 
===================================
target: 55 ; 1637828109074284
2415 ; 1637828109083703 
2571 ; 1637828109116022 
2497 ; 1637828109149235 
2364 ; 1637828109182437 
3308 ; 1637828109216067 
1951 ; 1637828109249519 
===================================
target: 56 ; 1637828109267691
2737 ; 1637828109282784 
1975 ; 1637828109315878 
2904 ; 1637828109358549 
2345 ; 1637828109385199 
2281 ; 1637828109419108 
2850 ; 1637828109452136 
===================================
target: 57 ; 1637828109473227
2701 ; 1637828109485201 
2533 ; 1637828109520023 
2499 ; 1637828109559027 
2621 ; 1637828109586757 
2243 ; 1637828109620244 
2828 ; 1637828109652166 
===================================
target: 58 ; 1637828109676125
2533 ; 1637828109685947 
2971 ; 1637828109719946 
2448 ; 1637828109752365 
2796 ; 1637828109786273 
2666 ; 1637828109818680 
2648 ; 1637828109851303 
3152 ; 1637828109892018 
===================================
target: 59 ; 1637828109914808
2262 ; 1637828109919621 
2686 ; 1637828109951540 
2302 ; 1637828109985090 
2635 ; 1637828110017303 
2394 ; 1637828110051397 
2270 ; 1637828110086149 
===================================
target: 60 ; 1637828110106127
2348 ; 1637828110117845 
2927 ; 1637828110151324 
2795 ; 1637828110184756 
3188 ; 1637828110218507 
2189 ; 1637828110251132 
2461 ; 1637828110284653 
2645 ; 1637828110318002 
===================================
target: 61 ; 1637828110340399
2379 ; 1637828110354298 
2594 ; 1637828110385474 
2817 ; 1637828110418406 
2807 ; 1637828110451556 
2769 ; 1637828110483943 
2601 ; 1637828110517885 
===================================
target: 62 ; 1637828110541233
3096 ; 1637828110551225 
2234 ; 1637828110584882 
2586 ; 1637828110617392 
3143 ; 1637828110650851 
2480 ; 1637828110684532 
2741 ; 1637828110718536 
===================================
target: 63 ; 1637828110740095
3137 ; 1637828110751602 
2483 ; 1637828110785357 
3305 ; 1637828110818007 
2942 ; 1637828110851888 
3715 ; 1637828110885332 
2901 ; 1637828110918610 
===================================
target: 64 ; 1637828110942089
2803 ; 1637828110951824 
2882 ; 1637828110984135 
2888 ; 1637828111018337 
2814 ; 1637828111051381 
2566 ; 1637828111085428 
3116 ; 1637828111117652 
2735 ; 1637828111151357 
===================================
target: 65 ; 1637828111172326
3017 ; 1637828111184877 
3073 ; 1637828111218834 
2235 ; 1637828111259582 
2986 ; 1637828111284212 
3201 ; 1637828111317941 
3047 ; 1637828111351624 
===================================
target: 66 ; 1637828111381078
3640 ; 1637828111385557 
2683 ; 1637828111418254 
3156 ; 1637828111451454 
3062 ; 1637828111485176 
3051 ; 1637828111517747 
3575 ; 1637828111552492 
3281 ; 1637828111585423 
===================================
target: 67 ; 1637828111587458
3271 ; 1637828111617576 
3060 ; 1637828111650903 
3074 ; 1637828111685234 
2843 ; 1637828111722335 
2728 ; 1637828111751764 
3344 ; 1637828111784914 
===================================
target: 68 ; 1637828111784966
3128 ; 1637828111818379 
3039 ; 1637828111851282 
3724 ; 1637828111884996 
2823 ; 1637828111918197 
3061 ; 1637828111950898 
3141 ; 1637828111984233 
===================================
target: 69 ; 1637828111984269
2975 ; 1637828112017807 
3072 ; 1637828112051566 
1402 ; 1637828112084834 
1903 ; 1637828112117440 
2034 ; 1637828112150839 
1647 ; 1637828112186629 
===================================
target: 70 ; 1637828112204715
2516 ; 1637828112218197 
5788 ; 1637828112250931 
1522 ; 1637828112284068 
2150 ; 1637828112317985 
2680 ; 1637828112351549 
2847 ; 1637828112384488 
===================================
target: 71 ; 1637828112414067
3247 ; 1637828112417716 
3285 ; 1637828112451401 
3369 ; 1637828112484985 
3265 ; 1637828112517360 
2528 ; 1637828112550965 
2578 ; 1637828112584138 
2442 ; 1637828112617739 
===================================
target: 72 ; 1637828112627417
1934 ; 1637828112651532 
2435 ; 1637828112683957 
2076 ; 1637828112717492 
2667 ; 1637828112751330 
3528 ; 1637828112783928 
2608 ; 1637828112817315 
===================================
target: 73 ; 1637828112829539
1834 ; 1637828112850985 
2549 ; 1637828112884770 
===================================
target: 74 ; 1637828112918017
7657 ; 1637828112936065 
===================================
target: 75 ; 1637828112936116
1315 ; 1637828112954956 
821 ; 1637828112990853 
830 ; 1637828113019816 
855 ; 1637828113057397 
===================================
target: 76 ; 1637828113067906
1171 ; 1637828113100011 
1450 ; 1637828113125321 
2022 ; 1637828113152305 
2193 ; 1637828113188062 
2337 ; 1637828113218640 
2550 ; 1637828113256142 
===================================
target: 77 ; 1637828113272079
2672 ; 1637828113285422 
2256 ; 1637828113321084 
3134 ; 1637828113351659 
2666 ; 1637828113390866 
2682 ; 1637828113421152 
3187 ; 1637828113451867 
===================================
target: 78 ; 1637828113470029
3423 ; 1637828113488067 
2662 ; 1637828113518218 
3784 ; 1637828113556761 
3027 ; 1637828113590750 
3332 ; 1637828113621794 
3101 ; 1637828113656419 
===================================
target: 79 ; 1637828113670835
4007 ; 1637828113689947 
2743 ; 1637828113723936 
4156 ; 1637828113762840 
3301 ; 1637828113793705 
3798 ; 1637828113826765 
3233 ; 1637828113858806 
===================================
target: 80 ; 1637828113880986
4612 ; 1637828113897556 
3127 ; 1637828113932643 
3763 ; 1637828113957897 
3097 ; 1637828113992200 
3650 ; 1637828114026118 
3845 ; 1637828114059627 
===================================
target: 81 ; 1637828114080090
3380 ; 1637828114099299 
3449 ; 1637828114125923 
4004 ; 1637828114155714 
3369 ; 1637828114190412 
4247 ; 1637828114219879 
3277 ; 1637828114257282 
===================================
target: 82 ; 1637828114278977
4080 ; 1637828114290383 
4288 ; 1637828114325153 
4053 ; 1637828114354374 
3698 ; 1637828114387294 
3968 ; 1637828114421666 
3763 ; 1637828114453608 
3911 ; 1637828114491210 
===================================
target: 83 ; 1637828114510297
3762 ; 1637828114519803 
5141 ; 1637828114555923 
4559 ; 1637828114595949 
4518 ; 1637828114624649 
4020 ; 1637828114670277 
4341 ; 1637828114693810 
===================================
target: 84 ; 1637828114713775
3481 ; 1637828114718390 
3460 ; 1637828114760773 
3673 ; 1637828114796690 
3836 ; 1637828114820957 
3481 ; 1637828114855811 
3832 ; 1637828114895421 
===================================
target: 85 ; 1637828114916243
4024 ; 1637828114925812 
3835 ; 1637828114957681 
5369 ; 1637828114985327 
4242 ; 1637828115029947 
3990 ; 1637828115052769 
3555 ; 1637828115104602 
3871 ; 1637828115121392 
===================================
target: 86 ; 1637828115131767
4328 ; 1637828115155298 
4393 ; 1637828115199222 
4486 ; 1637828115221717 
4476 ; 1637828115256459 
3585 ; 1637828115290125 
4305 ; 1637828115320710 
===================================
target: 87 ; 1637828115339865
4725 ; 1637828115354539 
5159 ; 1637828115386994 
4472 ; 1637828115422014 
4348 ; 1637828115455207 
4216 ; 1637828115489100 
3956 ; 1637828115520703 
===================================
target: 88 ; 1637828115546136
5008 ; 1637828115557939 
4367 ; 1637828115587493 
5100 ; 1637828115628592 
4697 ; 1637828115659392 
5005 ; 1637828115700206 
4293 ; 1637828115721103 
4160 ; 1637828115755672 
===================================
target: 89 ; 1637828115755724
4046 ; 1637828115786039 
4918 ; 1637828115821374 
3608 ; 1637828115854514 
4137 ; 1637828115892908 
4090 ; 1637828115925948 
===================================
target: 90 ; 1637828115956968
5012 ; 1637828115964556 
3247 ; 1637828115995174 
4936 ; 1637828116024405 
3950 ; 1637828116058150 
4826 ; 1637828116103818 
3852 ; 1637828116133155 
4544 ; 1637828116172000 
===================================
target: 91 ; 1637828116172169
3516 ; 1637828116206277 
3255 ; 1637828116231197 
4721 ; 1637828116276622 
4189 ; 1637828116303595 
3611 ; 1637828116328818 
===================================
target: 92 ; 1637828116354186
3993 ; 1637828116361365 
3536 ; 1637828116419250 
3616 ; 1637828116430336 
4307 ; 1637828116455819 
4439 ; 1637828116493663 
5294 ; 1637828116524766 
5457 ; 1637828116562061 
===================================
target: 93 ; 1637828116562127
4131 ; 1637828116595938 
4155 ; 1637828116621458 
4740 ; 1637828116662184 
5473 ; 1637828116690419 
5012 ; 1637828116729309 
4684 ; 1637828116763248 
===================================
target: 94 ; 1637828116763318
4459 ; 1637828116798138 
4198 ; 1637828116823399 
4795 ; 1637828116853692 
5146 ; 1637828116893919 
4785 ; 1637828116941319 
4601 ; 1637828116984672 
===================================
target: 95 ; 1637828116984872
DROP ; 1637828117027422 
===================================
target: 96 ; 1637828117027499
5036 ; 1637828117040861 
2807 ; 1637828117060409 
4191 ; 1637828117093464 
4359 ; 1637828117128605 
4774 ; 1637828117154612 
===================================
target: 97 ; 1637828117178946
4461 ; 1637828117193662 
5854 ; 1637828117224290 
4967 ; 1637828117262437 
5230 ; 1637828117290064 
4482 ; 1637828117325262 
5247 ; 1637828117359541 
===================================
target: 98 ; 1637828117381674
4548 ; 1637828117396025 
4652 ; 1637828117430465 
4622 ; 1637828117455800 
4909 ; 1637828117490906 
3825 ; 1637828117525350 
4771 ; 1637828117562469 
3953 ; 1637828117588164 
===================================
target: 99 ; 1637828117588343
4646 ; 1637828117620614 
5289 ; 1637828117664543 
4631 ; 1637828117688141 
4940 ; 1637828117726061 
4282 ; 1637828117761340 
5241 ; 1637828117787420 
===================================
target: 100 ; 1637828117787462
4974 ; 1637828117820283 
4448 ; 1637828117854826 
4265 ; 1637828117897275 
4723 ; 1637828117934779 
4690 ; 1637828117966076 
4625 ; 1637828117995743 
===================================
target: 101 ; 1637828117995813
5760 ; 1637828118024357 
5794 ; 1637828118055672 
5879 ; 1637828118097901 
2658 ; 1637828118129003 
4025 ; 1637828118160964 
===================================
target: 102 ; 1637828118183380
4285 ; 1637828118194152 
6231 ; 1637828118220943 
4585 ; 1637828118283818 
7040 ; 1637828118303610 
4530 ; 1637828118326854 
5357 ; 1637828118362011 
5172 ; 1637828118393701 
===================================
target: 103 ; 1637828118393895
4985 ; 1637828118428149 
5057 ; 1637828118470939 
4941 ; 1637828118492744 
4730 ; 1637828118524501 
5577 ; 1637828118556247 
===================================
target: 104 ; 1637828118582591
4059 ; 1637828118589716 
4763 ; 1637828118628705 
4778 ; 1637828118663743 
4110 ; 1637828118720963 
4419 ; 1637828118740977 
4907 ; 1637828118781868 
===================================
target: 105 ; 1637828118804183
3614 ; 1637828118808755 
5340 ; 1637828118839647 
5610 ; 1637828118871509 
===================================
target: 106 ; 1637828118918968
10537 ; 1637828118945283 
===================================
target: 107 ; 1637828118945351
2199 ; 1637828118962700 
2013 ; 1637828118973666 
1725 ; 1637828119011747 
===================================
target: 108 ; 1637828119011917
1706 ; 1637828119031553 
1761 ; 1637828119076570 
2468 ; 1637828119110846 
3285 ; 1637828119139061 
3510 ; 1637828119176255 
3722 ; 1637828119210198 
4219 ; 1637828119244909 
===================================
target: 109 ; 1637828119245074
4092 ; 1637828119274679 
4417 ; 1637828119309878 
3940 ; 1637828119340896 
4388 ; 1637828119381152 
4729 ; 1637828119412356 
4797 ; 1637828119445372 
===================================
target: 110 ; 1637828119445444
5443 ; 1637828119502012 
5395 ; 1637828119522818 
4730 ; 1637828119557752 
6451 ; 1637828119584171 
5115 ; 1637828119618955 
5401 ; 1637828119650126 
===================================
target: 111 ; 1637828119650357
5729 ; 1637828119675697 
6178 ; 1637828119716501 
5761 ; 1637828119747284 
5684 ; 1637828119786479 
5111 ; 1637828119817590 
5785 ; 1637828119844457 
===================================
target: 112 ; 1637828119844770
5868 ; 1637828119878395 
5910 ; 1637828119908257 
===================================
target: 113 ; 1637828119930671
4855 ; 1637828119938276 
5367 ; 1637828120000732 
5758 ; 1637828120033335 
6055 ; 1637828120063812 
===================================
target: 114 ; 1637828120064069
7586 ; 1637828120087504 
6149 ; 1637828120115444 
5897 ; 1637828120141685 
8302 ; 1637828120185006 
5794 ; 1637828120213213 
7792 ; 1637828120239353 
5484 ; 1637828120285434 
===================================
target: 115 ; 1637828120285493
6298 ; 1637828120309168 
6141 ; 1637828120331911 
6966 ; 1637828120358273 
7205 ; 1637828120396875 
6769 ; 1637828120432372 
6096 ; 1637828120469636 
6634 ; 1637828120504589 
6233 ; 1637828120533462 
===================================
target: 116 ; 1637828120533509
6840 ; 1637828120562482 
5257 ; 1637828120608994 
6158 ; 1637828120644345 
6976 ; 1637828120663859 
6581 ; 1637828120696097 
7014 ; 1637828120736733 
5932 ; 1637828120763784 
===================================
target: 117 ; 1637828120773079
3654 ; 1637828120821924 
4709 ; 1637828120843685 
4510 ; 1637828120878888 
5104 ; 1637828120915499 
4423 ; 1637828120950791 
4766 ; 1637828120993051 
===================================
target: 118 ; 1637828120993260
4425 ; 1637828121014779 
5016 ; 1637828121092420 
5224 ; 1637828121133230 
DROP ; 1637828121133424 
4880 ; 1637828121159454 
===================================
target: 119 ; 1637828121159598
4142 ; 1637828121182561 
4320 ; 1637828121204585 
4642 ; 1637828121252366 
3535 ; 1637828121296939 
4304 ; 1637828121326696 
4412 ; 1637828121439623 
===================================
target: 120 ; 1637828121439795
DROP ; 1637828121439837 
DROP ; 1637828121439863 
5317 ; 1637828121467341 
4494 ; 1637828121486890 
4606 ; 1637828121505914 
4514 ; 1637828121552506 
5559 ; 1637828121597674 
3822 ; 1637828121615085 
5321 ; 1637828121646098 
4916 ; 1637828121686779 
5299 ; 1637828121722858 
5152 ; 1637828121733870 
4914 ; 1637828121764894 
5177 ; 1637828121802460 
5276 ; 1637828121834825 
4493 ; 1637828121883767 
5309 ; 1637828121918098 
4640 ; 1637828121954188 
5524 ; 1637828121994495 
4598 ; 1637828122025328 
5035 ; 1637828122044125 
4770 ; 1637828122083919 
4912 ; 1637828122119571 
4731 ; 1637828122149380 
4700 ; 1637828122197731 
4257 ; 1637828122205254 
4809 ; 1637828122252803 
3962 ; 1637828122298137 
4286 ; 1637828122327085 
4585 ; 1637828122348420 
===================================
target: 121 ; 1637828122350988
4542 ; 1637828122379179 
4405 ; 1637828122408530 
4603 ; 1637828122440267 
5078 ; 1637828122489530 
4796 ; 1637828122507572 
4581 ; 1637828122547245 
===================================
target: 122 ; 1637828122569160
5285 ; 1637828122597932 
4637 ; 1637828122621611 
5500 ; 1637828122649561 
5104 ; 1637828122681010 
5281 ; 1637828122712720 
5374 ; 1637828122746505 
3990 ; 1637828122779819 
===================================
target: 123 ; 1637828122780000
4314 ; 1637828122809154 
4971 ; 1637828122835721 
4372 ; 1637828122888270 
5325 ; 1637828122917650 
4413 ; 1637828122951769 
4690 ; 1637828122979483 
===================================
target: 124 ; 1637828122979542
4564 ; 1637828122992984 
5132 ; 1637828123024901 
4692 ; 1637828123086388 
4528 ; 1637828123102872 
4903 ; 1637828123148374 
4921 ; 1637828123188495 
===================================
target: 125 ; 1637828123188556
4909 ; 1637828123209101 
4711 ; 1637828123239431 
4410 ; 1637828123266467 
5090 ; 1637828123295572 
5309 ; 1637828123350539 
5564 ; 1637828123375371 
===================================
target: 126 ; 1637828123375736
5018 ; 1637828123400987 
4485 ; 1637828123433315 
5702 ; 1637828123461309 
4758 ; 1637828123497002 
4735 ; 1637828123534867 
5811 ; 1637828123572480 
===================================
target: 127 ; 1637828123580979
4384 ; 1637828123591699 
5522 ; 1637828123656147 
4878 ; 1637828123674183 
5142 ; 1637828123722351 
5345 ; 1637828123734199 
5281 ; 1637828123763593 
5158 ; 1637828123793893 
===================================
target: 128 ; 1637828123799258
5278 ; 1637828123826304 
4631 ; 1637828123858043 
5870 ; 1637828123924212 
4075 ; 1637828123933560 
5748 ; 1637828123962688 
4928 ; 1637828124000798 
===================================
target: 129 ; 1637828124008617
6088 ; 1637828124037822 
4453 ; 1637828124054391 
5476 ; 1637828124099474 
4696 ; 1637828124128188 
5560 ; 1637828124162097 
4618 ; 1637828124194995 
===================================
target: 130 ; 1637828124195179
5237 ; 1637828124234152 
4846 ; 1637828124260020 
4949 ; 1637828124334074 
4948 ; 1637828124358534 
5284 ; 1637828124384991 
5234 ; 1637828124416390 
===================================
target: 131 ; 1637828124416589
4619 ; 1637828124454795 
5157 ; 1637828124482393 
4778 ; 1637828124507460 
5061 ; 1637828124528439 
5236 ; 1637828124569405 
4737 ; 1637828124602092 
===================================
target: 132 ; 1637828124602241
5608 ; 1637828124628903 
5283 ; 1637828124664578 
5315 ; 1637828124695223 
4701 ; 1637828124729003 
4770 ; 1637828124762558 
4511 ; 1637828124801885 
5393 ; 1637828124832451 
===================================
target: 133 ; 1637828124832519
4695 ; 1637828124864981 
6011 ; 1637828124898230 
4358 ; 1637828124932367 
4701 ; 1637828124963748 
4270 ; 1637828125005183 
===================================
target: 134 ; 1637828125030469
4438 ; 1637828125049261 
4514 ; 1637828125077802 
4340 ; 1637828125100331 
4447 ; 1637828125150027 
5258 ; 1637828125187550 
4784 ; 1637828125240745 
5386 ; 1637828125271922 
5044 ; 1637828125299879 
===================================
target: 135 ; 1637828125299934
5664 ; 1637828125337505 
5547 ; 1637828125361582 
4988 ; 1637828125387482 
5100 ; 1637828125421953 
4729 ; 1637828125448077 
4979 ; 1637828125487755 
===================================
target: 136 ; 1637828125487952
5243 ; 1637828125529543 
4731 ; 1637828125572528 
6466 ; 1637828125600404 
4480 ; 1637828125660812 
5113 ; 1637828125682763 
4689 ; 1637828125722414 
===================================
target: 137 ; 1637828125722471
DROP ; 1637828125722486 
5078 ; 1637828125747516 
5372 ; 1637828125764949 
5056 ; 1637828125794695 
5340 ; 1637828125837075 
5151 ; 1637828125873256 
5139 ; 1637828125911927 
===================================
target: 138 ; 1637828125911993
4703 ; 1637828125945588 
4764 ; 1637828125962220 
4773 ; 1637828125996712 
===================================
target: 139 ; 1637828126024099
4858 ; 1637828126048368 
4851 ; 1637828126071454 
4948 ; 1637828126105471 
===================================
target: 140 ; 1637828126105524
5119 ; 1637828126144799 
4959 ; 1637828126160724 
4367 ; 1637828126195928 
4788 ; 1637828126236055 
4231 ; 1637828126260252 
===================================
target: 141 ; 1637828126282928
5113 ; 1637828126294688 
4912 ; 1637828126343756 
5016 ; 1637828126366307 
5033 ; 1637828126403392 
5095 ; 1637828126432234 
4906 ; 1637828126466941 
4883 ; 1637828126492710 
===================================
target: 142 ; 1637828126492911
4571 ; 1637828126565745 
5329 ; 1637828126592871 
4164 ; 1637828126614531 
5561 ; 1637828126633547 
4867 ; 1637828126661877 
5183 ; 1637828126705670 
===================================
target: 143 ; 1637828126705717
5592 ; 1637828126738309 
4943 ; 1637828126761483 
4634 ; 1637828126798112 
4903 ; 1637828126828570 
4397 ; 1637828126864151 
5711 ; 1637828126892748 
===================================
target: 144 ; 1637828126892903
4288 ; 1637828126928029 
5538 ; 1637828126966724 
4707 ; 1637828126999798 
6196 ; 1637828127030799 
5241 ; 1637828127066456 
4964 ; 1637828127103912 
4372 ; 1637828127133037 
===================================
target: 145 ; 1637828127133202
5203 ; 1637828127164980 
4414 ; 1637828127195599 
5472 ; 1637828127226956 
4257 ; 1637828127257339 
5333 ; 1637828127300777 
5504 ; 1637828127341693 
===================================
target: 146 ; 1637828127341760
5826 ; 1637828127375328 
5826 ; 1637828127400397 
4812 ; 1637828127432118 
5257 ; 1637828127487692 
6011 ; 1637828127495860 
5298 ; 1637828127530650 
5581 ; 1637828127563263 
===================================
target: 147 ; 1637828127577225
5999 ; 1637828127605263 
6307 ; 1637828127633463 
4871 ; 1637828127670958 
5381 ; 1637828127710330 
5324 ; 1637828127757856 
5482 ; 1637828127799429 
5083 ; 1637828127822303 
5169 ; 1637828127848708 
5455 ; 1637828127871668 
6204 ; 1637828127924187 
5301 ; 1637828127931297 
5508 ; 1637828127964595 
5612 ; 1637828128032884 
5438 ; 1637828128049347 
===================================
target: 148 ; 1637828128064034
3902 ; 1637828128086410 
3725 ; 1637828128110821 
4091 ; 1637828128139644 
4084 ; 1637828128167941 
3276 ; 1637828128198251 
3987 ; 1637828128234801 
3300 ; 1637828128281429 
3899 ; 1637828128342373 
3534 ; 1637828128382707 
3277 ; 1637828128398813 
3675 ; 1637828128410550 
4105 ; 1637828128441886 
3545 ; 1637828128470299 
3919 ; 1637828128499422 
3466 ; 1637828128536665 
4568 ; 1637828128566288 
3630 ; 1637828128595607 
===================================
target: 149 ; 1637828128612698
4021 ; 1637828128649632 
3672 ; 1637828128684893 
4285 ; 1637828128724410 
4384 ; 1637828128742521 
3680 ; 1637828128784989 
4219 ; 1637828128808371 
4104 ; 1637828128834417 
3616 ; 1637828128883038 
4539 ; 1637828128900182 
3519 ; 1637828128951763 
3758 ; 1637828128972171 
3887 ; 1637828128999881 
3772 ; 1637828129048436 
3974 ; 1637828129064616 
3940 ; 1637828129118719 
3798 ; 1637828129140602 
4172 ; 1637828129198410 
3783 ; 1637828129220442 
4256 ; 1637828129249288 
3103 ; 1637828129279986 
4095 ; 1637828129307433 
3749 ; 1637828129364775 
4428 ; 1637828129414731 
3557 ; 1637828129442029 
3581 ; 1637828129466060 
3691 ; 1637828129488094 
4118 ; 1637828129518500 
3387 ; 1637828129558613 
4227 ; 1637828129577848 
3702 ; 1637828129601892 
===================================
target: 150 ; 1637828129602118
3735 ; 1637828129697676 
DROP ; 1637828129697874 
4786 ; 1637828129751736 
4244 ; 1637828129762202 
4471 ; 1637828129783001 
3624 ; 1637828129815322 
3755 ; 1637828129833743 
===================================
target: 151 ; 1637828129834718
3804 ; 1637828129871448 
3910 ; 1637828129915517 
2868 ; 1637828129936639 
4202 ; 1637828129963345 
4289 ; 1637828129997597 
===================================
target: 152 ; 1637828129997692
4641 ; 1637828130038389 
3804 ; 1637828130058960 
3099 ; 1637828130092374 
3799 ; 1637828130134165 
3517 ; 1637828130165756 
3669 ; 1637828130199203 
4112 ; 1637828130225790 
===================================
target: 153 ; 1637828130225982
3247 ; 1637828130260931 
3959 ; 1637828130291755 
3608 ; 1637828130333481 
4153 ; 1637828130365221 
3866 ; 1637828130391619 
3961 ; 1637828130423503 
3791 ; 1637828130462656 
4275 ; 1637828130500178 
3739 ; 1637828130533050 
4292 ; 1637828130556360 
2976 ; 1637828130590859 
3890 ; 1637828130669318 
4288 ; 1637828130692032 
===================================
target: 154 ; 1637828130692108
4419 ; 1637828130726623 
4427 ; 1637828130752455 
3804 ; 1637828130781192 
4083 ; 1637828130811649 
4342 ; 1637828130830279 
3910 ; 1637828130885786 
5108 ; 1637828130905965 
3738 ; 1637828130940636 
4084 ; 1637828130976373 
4054 ; 1637828131005488 
3675 ; 1637828131038630 
4451 ; 1637828131076219 
4145 ; 1637828131121420 
===================================
target: 155 ; 1637828131121614
4251 ; 1637828131189596 
DROP ; 1637828131189804 
4581 ; 1637828131240593 
3976 ; 1637828131305639 
DROP ; 1637828131305681 
3595 ; 1637828131384257 
DROP ; 1637828131385117 
===================================
target: 156 ; 1637828131385183
DROP ; 1637828131385234 
5260 ; 1637828131403034 
3986 ; 1637828131437092 
3906 ; 1637828131463581 
4649 ; 1637828131512169 
4831 ; 1637828131557776 
===================================
target: 157 ; 1637828131557877
5742 ; 1637828131599139 
3685 ; 1637828131633527 
4540 ; 1637828131662625 
3644 ; 1637828131685679 
4250 ; 1637828131694377 
4021 ; 1637828131723952 
===================================
target: 158 ; 1637828131738465
4109 ; 1637828131757089 
4393 ; 1637828131795710 
4938 ; 1637828131828054 
4198 ; 1637828131857717 
5023 ; 1637828131891873 
4180 ; 1637828131930613 
4328 ; 1637828131962413 
===================================
target: 159 ; 1637828131962570
4635 ; 1637828132012573 
4430 ; 1637828132066826 
3646 ; 1637828132090402 
3681 ; 1637828132116823 
4245 ; 1637828132146289 
4523 ; 1637828132172731 
===================================
target: 160 ; 1637828132172910
4463 ; 1637828132195214 
5560 ; 1637828132222916 
3358 ; 1637828132261525 
4682 ; 1637828132302250 
4512 ; 1637828132326312 
4296 ; 1637828132361854 
4556 ; 1637828132393269 
===================================
target: 161 ; 1637828132393476
4755 ; 1637828132423698 
4632 ; 1637828132458936 
5003 ; 1637828132491870 
4125 ; 1637828132536930 
4553 ; 1637828132569532 
3960 ; 1637828132590560 
===================================
target: 162 ; 1637828132590727
4068 ; 1637828132629363 
3922 ; 1637828132655614 
4377 ; 1637828132688505 
3554 ; 1637828132728381 
4324 ; 1637828132759493 
4221 ; 1637828132800510 
===================================
target: 163 ; 1637828132800579
4641 ; 1637828132833373 
3971 ; 1637828132868544 
6262 ; 1637828132905722 
4016 ; 1637828132930064 
4423 ; 1637828132961065 
4283 ; 1637828132998867 
===================================
target: 164 ; 1637828132999069
3647 ; 1637828133035515 
4605 ; 1637828133060907 
4421 ; 1637828133116015 
4500 ; 1637828133147407 
===================================
target: 165 ; 1637828133165790
4943 ; 1637828133178895 
===================================
target: 166 ; 1637828133191905
5421 ; 1637828133214770 
5371 ; 1637828133235691 
4906 ; 1637828133270406 
5159 ; 1637828133309658 
4341 ; 1637828133342416 
4963 ; 1637828133376203 
4143 ; 1637828133399550 
===================================
target: 167 ; 1637828133399779
4592 ; 1637828133436315 
4671 ; 1637828133483349 
5190 ; 1637828133504930 
4400 ; 1637828133532740 
4909 ; 1637828133578507 
3615 ; 1637828133599806 
===================================
target: 168 ; 1637828133604818
4989 ; 1637828133639332 
4230 ; 1637828133679023 
4393 ; 1637828133705915 
4384 ; 1637828133742912 
4044 ; 1637828133787919 
4846 ; 1637828133815681 
===================================
target: 169 ; 1637828133815894
5003 ; 1637828133853347 
3923 ; 1637828133873817 
6599 ; 1637828133915417 
3610 ; 1637828133936449 
4727 ; 1637828133969590 
4263 ; 1637828134014534 
===================================
target: 170 ; 1637828134027826
4236 ; 1637828134043412 
4015 ; 1637828134083479 
4232 ; 1637828134116001 
5086 ; 1637828134143103 
===================================
target: 171 ; 1637828134166192
4724 ; 1637828134175380 
5986 ; 1637828134201545 
===================================
target: 172 ; 1637828134229517
5570 ; 1637828134248919 
4350 ; 1637828134310581 
4491 ; 1637828134332964 
4762 ; 1637828134350809 
4565 ; 1637828134373953 
4569 ; 1637828134419026 
4362 ; 1637828134444134 
===================================
target: 173 ; 1637828134444233
4210 ; 1637828134489646 
5540 ; 1637828134514442 
4055 ; 1637828134545654 
6478 ; 1637828134586557 
5380 ; 1637828134615294 
===================================
target: 174 ; 1637828134642890
5396 ; 1637828134657272 
5164 ; 1637828134674410 
5161 ; 1637828134723041 
4623 ; 1637828134756956 
4143 ; 1637828134788984 
3544 ; 1637828134832994 
===================================
target: 175 ; 1637828134844472
4405 ; 1637828134862985 
4070 ; 1637828134880493 
6852 ; 1637828134909921 
5991 ; 1637828134957123 
5039 ; 1637828134976149 
4910 ; 1637828135009942 
4983 ; 1637828135038920 
4581 ; 1637828135082355 
4540 ; 1637828135102788 
===================================
target: 176 ; 1637828135102867
5398 ; 1637828135135613 
4446 ; 1637828135186132 
5295 ; 1637828135218747 
6390 ; 1637828135250280 
4689 ; 1637828135277112 
===================================
target: 177 ; 1637828135295724
4984 ; 1637828135317630 
5364 ; 1637828135355930 
4913 ; 1637828135381212 
5639 ; 1637828135416865 
5269 ; 1637828135430029 
5198 ; 1637828135479215 
4612 ; 1637828135503258 
4707 ; 1637828135545311 
===================================
target: 178 ; 1637828135559748
4719 ; 1637828135582931 
4732 ; 1637828135601223 
5878 ; 1637828135628634 
5909 ; 1637828135679249 
6186 ; 1637828135707896 
5450 ; 1637828135726794 
5509 ; 1637828135769032 
===================================
target: 179 ; 1637828135775903
5607 ; 1637828135815564 
5248 ; 1637828135843500 
4868 ; 1637828135866215 
5041 ; 1637828135899659 
4845 ; 1637828135945210 
5097 ; 1637828135978440 
4584 ; 1637828136013583 
===================================
target: 180 ; 1637828136013752
4428 ; 1637828136044906 
4130 ; 1637828136070004 
4108 ; 1637828136107466 
3634 ; 1637828136161118 
4089 ; 1637828136171926 
3299 ; 1637828136201233 
3762 ; 1637828136232256 
===================================
target: 181 ; 1637828136232480
3402 ; 1637828136277505 
3757 ; 1637828136313611 
3847 ; 1637828136344918 
3960 ; 1637828136377992 
3669 ; 1637828136420303 
===================================
target: 182 ; 1637828136420370
3644 ; 1637828136440779 
4210 ; 1637828136468553 
4555 ; 1637828136501177 
4742 ; 1637828136533243 
4119 ; 1637828136567134 
===================================
target: 183 ; 1637828136580866
3625 ; 1637828136598221 
3899 ; 1637828136630797 
4737 ; 1637828136688585 
4499 ; 1637828136707579 
5007 ; 1637828136739588 
4024 ; 1637828136773584 
3838 ; 1637828136805624 
4391 ; 1637828136828429 
3420 ; 1637828136868253 
4494 ; 1637828136916383 
4031 ; 1637828136951823 
4001 ; 1637828136971059 
3832 ; 1637828137011762 
4317 ; 1637828137026776 
3636 ; 1637828137078243 
3698 ; 1637828137093655 
4546 ; 1637828137139465 
4343 ; 1637828137159142 
3984 ; 1637828137202697 
4825 ; 1637828137230252 
4127 ; 1637828137280606 
4885 ; 1637828137315891 
3780 ; 1637828137339473 
4792 ; 1637828137361590 
3707 ; 1637828137399441 
4324 ; 1637828137440202 
3852 ; 1637828137494980 
4469 ; 1637828137518231 
3226 ; 1637828137542282 
3982 ; 1637828137567663 
3456 ; 1637828137602651 
3535 ; 1637828137667310 
4899 ; 1637828137680671 
3425 ; 1637828137733178 
===================================
target: 184 ; 1637828137733340
4630 ; 1637828137762503 
3527 ; 1637828137796477 
4762 ; 1637828137833916 
3926 ; 1637828137845972 
3805 ; 1637828137877438 
3724 ; 1637828137937402 
3670 ; 1637828137973188 
===================================
target: 185 ; 1637828137973369
5665 ; 1637828137992267 
2546 ; 1637828138019374 
4829 ; 1637828138044530 
4600 ; 1637828138078313 
4178 ; 1637828138107019 
4294 ; 1637828138153364 
===================================
target: 186 ; 1637828138170589
6291 ; 1637828138183791 
4832 ; 1637828138212748 
5262 ; 1637828138258816 
4125 ; 1637828138272139 
4230 ; 1637828138308294 
4386 ; 1637828138359333 
===================================
target: 187 ; 1637828138374095
4714 ; 1637828138398231 
4246 ; 1637828138425328 
4042 ; 1637828138456126 
4332 ; 1637828138488652 
4190 ; 1637828138540542 
4072 ; 1637828138547607 
4553 ; 1637828138583266 
4014 ; 1637828138613306 
===================================
target: 188 ; 1637828138614133
4109 ; 1637828138642328 
3490 ; 1637828138678917 
4151 ; 1637828138708200 
3233 ; 1637828138754679 
4234 ; 1637828138780925 
3654 ; 1637828138815449 
===================================
target: 189 ; 1637828138835117
4256 ; 1637828138866568 
4562 ; 1637828138896432 
DROP ; 1637828138935650 
3220 ; 1637828138980471 
3091 ; 1637828139025650 
2992 ; 1637828139051323 
===================================
target: 190 ; 1637828139051413
2936 ; 1637828139092142 
3204 ; 1637828139117148 
3099 ; 1637828139132412 
3747 ; 1637828139164938 
4030 ; 1637828139183715 
4153 ; 1637828139215619 
4546 ; 1637828139235910 
===================================
target: 191 ; 1637828139254539
3978 ; 1637828139275405 
4337 ; 1637828139332004 
4359 ; 1637828139345822 
5085 ; 1637828139378097 
5168 ; 1637828139417392 
4979 ; 1637828139449298 
===================================
target: 192 ; 1637828139449499
5185 ; 1637828139481116 
5464 ; 1637828139510494 
4842 ; 1637828139530491 
4980 ; 1637828139581868 
4801 ; 1637828139610297 
4458 ; 1637828139641988 
===================================
target: 193 ; 1637828139663112
4341 ; 1637828139686864 
4447 ; 1637828139714597 
4198 ; 1637828139744911 
4314 ; 1637828139784968 
3996 ; 1637828139809268 
4427 ; 1637828139844239 
4247 ; 1637828139885788 
===================================
target: 194 ; 1637828139885908
4452 ; 1637828139898953 
3396 ; 1637828139938859 
4820 ; 1637828139972036 
4086 ; 1637828140016914 
4330 ; 1637828140037727 
4975 ; 1637828140063916 
===================================
target: 195 ; 1637828140069353
4428 ; 1637828140100926 
5204 ; 1637828140138680 
5511 ; 1637828140177068 
4973 ; 1637828140212828 
5393 ; 1637828140231999 
4522 ; 1637828140271329 
===================================
target: 196 ; 1637828140293522
5215 ; 1637828140321726 
4534 ; 1637828140343045 
4703 ; 1637828140370259 
4982 ; 1637828140399353 
4800 ; 1637828140433314 
4666 ; 1637828140488290 
4916 ; 1637828140561068 
4434 ; 1637828140602623 
5258 ; 1637828140627935 
4197 ; 1637828140650243 
4669 ; 1637828140666156 
4563 ; 1637828140704292 
4798 ; 1637828140726447 
===================================
target: 197 ; 1637828140726608
4595 ; 1637828140741777 
4925 ; 1637828140765735 
4496 ; 1637828140805520 
6891 ; 1637828140835787 
4600 ; 1637828140866702 
4503 ; 1637828140893776 
===================================
target: 198 ; 1637828140917774
4334 ; 1637828140931013 
4560 ; 1637828140956611 
4551 ; 1637828141005087 
4803 ; 1637828141028060 
4577 ; 1637828141062674 
4101 ; 1637828141091676 
4532 ; 1637828141127114 
4750 ; 1637828141155970 
===================================
target: 199 ; 1637828141156051
4931 ; 1637828141199794 
4848 ; 1637828141242135 
4054 ; 1637828141262581 
4200 ; 1637828141299957 
4768 ; 1637828141327174 
4539 ; 1637828141358756 
===================================
target: 200 ; 1637828141358933
4951 ; 1637828141398013 
4907 ; 1637828141425187 
5002 ; 1637828141466352 
4939 ; 1637828141507739 
4364 ; 1637828141560952 
6094 ; 1637828141577644 
===================================
target: 201 ; 1637828141587460
4746 ; 1637828141607418 
5437 ; 1637828141633091 
5698 ; 1637828141664633 
5589 ; 1637828141703400 
5452 ; 1637828141730680 
5143 ; 1637828141764539 
5239 ; 1637828141794459 
===================================
target: 202 ; 1637828141794662
5937 ; 1637828141837616 
4959 ; 1637828141879096 
5365 ; 1637828141897277 
4851 ; 1637828141935160 
5715 ; 1637828141958724 
5143 ; 1637828141988472 
===================================
target: 203 ; 1637828141990930
5473 ; 1637828142028676 
5110 ; 1637828142056210 
4692 ; 1637828142095385 
5111 ; 1637828142132092 
5118 ; 1637828142166035 
4421 ; 1637828142194753 
===================================
target: 204 ; 1637828142195490
5819 ; 1637828142227606 
3971 ; 1637828142265038 
4947 ; 1637828142295395 
4980 ; 1637828142323777 
4805 ; 1637828142355507 
5452 ; 1637828142389380 
===================================
target: 205 ; 1637828142390740
4868 ; 1637828142427229 
5433 ; 1637828142474401 
5754 ; 1637828142502625 
5038 ; 1637828142547235 
5953 ; 1637828142566617 
5266 ; 1637828142602056 
===================================
target: 206 ; 1637828142606086
6022 ; 1637828142649603 
5294 ; 1637828142718496 
5466 ; 1637828142731624 
4454 ; 1637828142756304 
4764 ; 1637828142783579 
4721 ; 1637828142821982 
===================================
target: 207 ; 1637828142824669
5398 ; 1637828142862612 
5012 ; 1637828142890799 
5976 ; 1637828142909588 
5049 ; 1637828142949879 
5596 ; 1637828142992333 
5155 ; 1637828143010448 
6072 ; 1637828143049742 
4741 ; 1637828143080219 
5544 ; 1637828143140066 
===================================
target: 208 ; 1637828143142556
5236 ; 1637828143190534 
5458 ; 1637828143214549 
5781 ; 1637828143272316 
DROP ; 1637828143272469 
6806 ; 1637828143289555 
4919 ; 1637828143311341 
5788 ; 1637828143360819 
===================================
target: 209 ; 1637828143377843
4979 ; 1637828143393594 
===================================
target: 210 ; 1637828143400401
5137 ; 1637828143425046 
5403 ; 1637828143438906 
5353 ; 1637828143495683 
6652 ; 1637828143526708 
5064 ; 1637828143540695 
6650 ; 1637828143590418 
5045 ; 1637828143626888 
6087 ; 1637828143654295 
6164 ; 1637828143686369 
6157 ; 1637828143719800 
===================================
target: 211 ; 1637828143719974
5122 ; 1637828143738958 
4554 ; 1637828143789914 
4788 ; 1637828143799307 
5054 ; 1637828143832039 
4280 ; 1637828143862539 
4949 ; 1637828143888589 
4509 ; 1637828143925053 
4364 ; 1637828143961141 
5215 ; 1637828143991663 
4471 ; 1637828144031689 
4728 ; 1637828144066669 
4113 ; 1637828144099300 
4309 ; 1637828144130289 
4590 ; 1637828144157194 
4291 ; 1637828144190445 
4819 ; 1637828144229288 
DROP ; 1637828144248675 
5199 ; 1637828144296516 
DROP ; 1637828144326420 
5234 ; 1637828144379871 
3795 ; 1637828144406858 
DROP ; 1637828144433276 
4689 ; 1637828144481752 
4295 ; 1637828144507985 
DROP ; 1637828144528773 
4872 ; 1637828144570804 
3335 ; 1637828144593713 
3064 ; 1637828144623752 
3165 ; 1637828144656004 
DROP ; 1637828144685459 
2793 ; 1637828144723145 
2672 ; 1637828144756659 
2793 ; 1637828144788763 
2798 ; 1637828144825973 
2960 ; 1637828144879059 
3520 ; 1637828144895980 
DROP ; 1637828144915152 
3217 ; 1637828144953481 
2048 ; 1637828144997062 
2542 ; 1637828145022380 
2647 ; 1637828145053976 
2920 ; 1637828145099793 
3312 ; 1637828145135800 
3302 ; 1637828145172534 
2814 ; 1637828145215538 
3629 ; 1637828145228644 
2779 ; 1637828145261248 
2834 ; 1637828145290826 
3225 ; 1637828145320999 
2951 ; 1637828145356537 
3453 ; 1637828145394700 
===================================
target: 212 ; 1637828145416020
2504 ; 1637828145428413 
2884 ; 1637828145457176 
3173 ; 1637828145487860 
2640 ; 1637828145521716 
3930 ; 1637828145564627 
2508 ; 1637828145591905 
2811 ; 1637828145622168 
2818 ; 1637828145669907 
3063 ; 1637828145689434 
2952 ; 1637828145723254 
2977 ; 1637828145755575 
3145 ; 1637828145797663 
3456 ; 1637828145834269 
3238 ; 1637828145855478 
3032 ; 1637828145918348 
2854 ; 1637828145925550 
===================================
target: 213 ; 1637828145938429
3038 ; 1637828145965401 
2585 ; 1637828146007430 
3021 ; 1637828146038210 
2716 ; 1637828146073034 
3145 ; 1637828146100341 
2830 ; 1637828146132225 
3024 ; 1637828146159937 
2492 ; 1637828146197008 
3154 ; 1637828146222970 
2826 ; 1637828146266138 
2588 ; 1637828146293910 
2725 ; 1637828146320717 
2814 ; 1637828146409845 
2548 ; 1637828146421552 
2848 ; 1637828146440376 
===================================
target: 214 ; 1637828146440547
2992 ; 1637828146457455 
3091 ; 1637828146498896 
2512 ; 1637828146530693 
2798 ; 1637828146567299 
2551 ; 1637828146599397 
2801 ; 1637828146628336 
===================================
target: 215 ; 1637828146628386
3230 ; 1637828146660909 
2839 ; 1637828146694958 
2849 ; 1637828146742766 
3118 ; 1637828146767196 
2540 ; 1637828146804464 
3222 ; 1637828146841083 
===================================
target: 216 ; 1637828146841153
3171 ; 1637828146857615 
3080 ; 1637828146898297 
2913 ; 1637828146921025 
3243 ; 1637828146967886 
2760 ; 1637828146992594 
2950 ; 1637828147057156 
3006 ; 1637828147068523 
===================================
target: 217 ; 1637828147076938
3429 ; 1637828147102881 
3090 ; 1637828147131540 
3396 ; 1637828147161667 
2309 ; 1637828147198130 
3184 ; 1637828147226777 
2225 ; 1637828147258374 
===================================
target: 218 ; 1637828147279013
3281 ; 1637828147293075 
2807 ; 1637828147327949 
3198 ; 1637828147361986 
3182 ; 1637828147394500 
3524 ; 1637828147426410 
3459 ; 1637828147469201 
===================================
target: 219 ; 1637828147481895
3714 ; 1637828147510919 
2560 ; 1637828147546293 
3172 ; 1637828147559320 
3063 ; 1637828147599559 
3319 ; 1637828147631668 
2794 ; 1637828147657358 
3163 ; 1637828147700245 
3138 ; 1637828147735343 
===================================
target: 220 ; 1637828147735541
2921 ; 1637828147782421 
2897 ; 1637828147804915 
3440 ; 1637828147824542 
3059 ; 1637828147883502 
3545 ; 1637828147908498 
===================================
target: 221 ; 1637828147921756
3044 ; 1637828147944847 
3438 ; 1637828147986865 
3207 ; 1637828148022382 
3924 ; 1637828148039245 
2897 ; 1637828148080248 
3173 ; 1637828148110462 
===================================
target: 222 ; 1637828148123909
3131 ; 1637828148141691 
3587 ; 1637828148178684 
2914 ; 1637828148196708 
3914 ; 1637828148238464 
2630 ; 1637828148294479 
3105 ; 1637828148316185 
===================================
target: 223 ; 1637828148328405
2282 ; 1637828148346607 
2636 ; 1637828148381278 
2611 ; 1637828148407062 
2948 ; 1637828148432027 
3187 ; 1637828148476995 
3191 ; 1637828148505299 
2915 ; 1637828148535852 
===================================
target: 224 ; 1637828148536044
3534 ; 1637828148575332 
2658 ; 1637828148596921 
3007 ; 1637828148651221 
3173 ; 1637828148671951 
3432 ; 1637828148710276 
3637 ; 1637828148748938 
===================================
target: 225 ; 1637828148749096
3346 ; 1637828148785638 
3590 ; 1637828148819166 
3632 ; 1637828148849935 
3284 ; 1637828148867329 
3968 ; 1637828148919226 
2572 ; 1637828148941917 
===================================
target: 226 ; 1637828148942102
2881 ; 1637828148971684 
2955 ; 1637828148997675 
3118 ; 1637828149039526 
3166 ; 1637828149069748 
3120 ; 1637828149097313 
2997 ; 1637828149136108 
3758 ; 1637828149162099 
===================================
target: 227 ; 1637828149162184
3199 ; 1637828149231926 
3454 ; 1637828149245012 
3200 ; 1637828149270280 
3550 ; 1637828149300918 
3035 ; 1637828149332971 
===================================
target: 228 ; 1637828149360423
3411 ; 1637828149369887 
2718 ; 1637828149397406 
3973 ; 1637828149431379 
3652 ; 1637828149465663 
3426 ; 1637828149495673 
2674 ; 1637828149536380 
===================================
target: 229 ; 1637828149556771
3695 ; 1637828149574421 
2691 ; 1637828149602584 
3305 ; 1637828149631868 
3182 ; 1637828149666669 
3491 ; 1637828149695402 
3291 ; 1637828149730196 
===================================
target: 230 ; 1637828149760913
3774 ; 1637828149787680 
3263 ; 1637828149821936 
3872 ; 1637828149853900 
3584 ; 1637828149888501 
3736 ; 1637828149903058 
2930 ; 1637828149939566 
3394 ; 1637828149960341 
===================================
target: 231 ; 1637828149968222
2998 ; 1637828150012547 
3164 ; 1637828150043250 
3488 ; 1637828150060391 
3312 ; 1637828150099564 
3421 ; 1637828150155554 
3718 ; 1637828150168805 
===================================
target: 232 ; 1637828150173901
3105 ; 1637828150213451 
3493 ; 1637828150245342 
2897 ; 1637828150276036 
3505 ; 1637828150302708 
2749 ; 1637828150335521 
3708 ; 1637828150357040 
===================================
target: 233 ; 1637828150377005
2764 ; 1637828150390423 
3693 ; 1637828150422314 
3416 ; 1637828150458681 
4155 ; 1637828150501692 
3705 ; 1637828150523812 
4098 ; 1637828150552558 
===================================
target: 234 ; 1637828150573370
3217 ; 1637828150596811 
3543 ; 1637828150625867 
3148 ; 1637828150663463 
3628 ; 1637828150696299 
3116 ; 1637828150725562 
3498 ; 1637828150753400 
===================================
target: 235 ; 1637828150774847
4353 ; 1637828150790338 
4112 ; 1637828150831631 
3709 ; 1637828150860593 
4567 ; 1637828150894801 
3001 ; 1637828150930655 
3119 ; 1637828150953821 
3192 ; 1637828150990146 
===================================
target: 236 ; 1637828151011060
3402 ; 1637828151025368 
3567 ; 1637828151065535 
3458 ; 1637828151095796 
3449 ; 1637828151129187 
3528 ; 1637828151159278 
3617 ; 1637828151191955 
===================================
target: 237 ; 1637828151215188
3915 ; 1637828151222493 
3554 ; 1637828151256585 
3767 ; 1637828151287727 
3557 ; 1637828151320087 
3924 ; 1637828151354868 
4094 ; 1637828151393743 
4014 ; 1637828151421030 
===================================
target: 238 ; 1637828151421073
3630 ; 1637828151454259 
4223 ; 1637828151489091 
3898 ; 1637828151523304 
4505 ; 1637828151563128 
3510 ; 1637828151600615 
3538 ; 1637828151627191 
===================================
target: 239 ; 1637828151627243
3430 ; 1637828151660079 
3414 ; 1637828151689228 
3544 ; 1637828151723602 
3235 ; 1637828151759989 
4049 ; 1637828151791075 
4483 ; 1637828151830274 
===================================
target: 240 ; 1637828151841693
3904 ; 1637828151860708 
4613 ; 1637828151910136 
3802 ; 1637828151947136 
3887 ; 1637828151972284 
3775 ; 1637828152008943 
3796 ; 1637828152033066 
===================================
target: 241 ; 1637828152048791
3685 ; 1637828152063164 
2703 ; 1637828152103721 
3675 ; 1637828152155479 
4395 ; 1637828152188069 
3313 ; 1637828152206304 
4530 ; 1637828152250319 
===================================
target: 242 ; 1637828152266410
3206 ; 1637828152286263 
3693 ; 1637828152338066 
3188 ; 1637828152359161 
4141 ; 1637828152380201 
4204 ; 1637828152408971 
4093 ; 1637828152435530 
4028 ; 1637828152467543 
===================================
target: 243 ; 1637828152481608
4386 ; 1637828152512517 
===================================
target: 244 ; 1637828152560364
3834 ; 1637828152564696 
4037 ; 1637828152620337 
3321 ; 1637828152645227 
3751 ; 1637828152652196 
3417 ; 1637828152684768 
===================================
target: 245 ; 1637828152684833
3971 ; 1637828152707690 
3308 ; 1637828152751800 
4080 ; 1637828152780610 
3839 ; 1637828152796724 
3769 ; 1637828152851209 
4662 ; 1637828152887091 
===================================
target: 246 ; 1637828152904688
4496 ; 1637828152913223 
3389 ; 1637828152946295 
4167 ; 1637828152983545 
3361 ; 1637828153012435 
3407 ; 1637828153026058 
3800 ; 1637828153060729 
3588 ; 1637828153098054 
===================================
target: 247 ; 1637828153109590
4560 ; 1637828153136757 
4301 ; 1637828153165842 
4628 ; 1637828153196845 
5028 ; 1637828153235408 
4461 ; 1637828153265230 
4552 ; 1637828153299152 
4058 ; 1637828153321337 
===================================
target: 248 ; 1637828153321526
4017 ; 1637828153356605 
3930 ; 1637828153398560 
4092 ; 1637828153440241 
4399 ; 1637828153460498 
4542 ; 1637828153497478 
===================================
target: 249 ; 1637828153518901
4080 ; 1637828153531524 
4406 ; 1637828153564174 
3366 ; 1637828153591728 
4230 ; 1637828153622641 
3816 ; 1637828153656760 
3672 ; 1637828153688238 
4206 ; 1637828153722551 
===================================
target: 250 ; 1637828153744388
3785 ; 1637828153755326 
4469 ; 1637828153787102 
4166 ; 1637828153821140 
3879 ; 1637828153860793 
5094 ; 1637828153895384 
3850 ; 1637828153929708 
===================================
target: 251 ; 1637828153940311
4300 ; 1637828153955383 
4202 ; 1637828153998158 
3694 ; 1637828154022238 
3952 ; 1637828154056407 
4304 ; 1637828154093899 
4296 ; 1637828154132609 
===================================
target: 252 ; 1637828154151464
4362 ; 1637828154163551 
4229 ; 1637828154190465 
5170 ; 1637828154226786 
4019 ; 1637828154298406 
4186 ; 1637828154313986 
4690 ; 1637828154327381 
===================================
target: 253 ; 1637828154351346
3535 ; 1637828154360095 
4314 ; 1637828154388772 
4043 ; 1637828154428138 
4136 ; 1637828154468287 
4094 ; 1637828154492386 
4053 ; 1637828154531738 
===================================
target: 254 ; 1637828154549167
5133 ; 1637828154557087 
5510 ; 1637828154592950 
5543 ; 1637828154631133 
4366 ; 1637828154657716 
4882 ; 1637828154696571 
3933 ; 1637828154728935 
===================================
target: 255 ; 1637828154748557
4029 ; 1637828154763087 
4266 ; 1637828154798778 
4047 ; 1637828154828416 
4641 ; 1637828154859290 
5913 ; 1637828154898546 
4370 ; 1637828154925072 
===================================
target: 256 ; 1637828154949257
5128 ; 1637828154960532 
4828 ; 1637828154990314 
4579 ; 1637828155029515 
4537 ; 1637828155064843 
4017 ; 1637828155092948 
4041 ; 1637828155127315 
4341 ; 1637828155164989 
4851 ; 1637828155190589 
===================================
target: 257 ; 1637828155197851
4910 ; 1637828155226118 
4992 ; 1637828155262519 
5298 ; 1637828155304572 
5037 ; 1637828155336275 
5036 ; 1637828155368778 
5328 ; 1637828155397435 
===================================
target: 258 ; 1637828155399595
4767 ; 1637828155432055 
5443 ; 1637828155464451 
4940 ; 1637828155494221 
4385 ; 1637828155524272 
7014 ; 1637828155561983 
4736 ; 1637828155591835 
===================================
target: 259 ; 1637828155595708
5951 ; 1637828155627405 
5223 ; 1637828155662111 
5097 ; 1637828155692493 
5257 ; 1637828155729550 
5035 ; 1637828155760840 
4897 ; 1637828155811309 
5097 ; 1637828155832894 
===================================
target: 260 ; 1637828155832957
4905 ; 1637828155862224 
4891 ; 1637828155893663 
5324 ; 1637828155928450 
5014 ; 1637828155959424 
4769 ; 1637828155988412 
5225 ; 1637828156019444 
===================================
target: 261 ; 1637828156039706
4919 ; 1637828156055597 
4942 ; 1637828156098466 
4070 ; 1637828156126440 
5135 ; 1637828156161315 
5113 ; 1637828156193079 
5115 ; 1637828156228470 
4195 ; 1637828156266066 
===================================
target: 262 ; 1637828156266225
4084 ; 1637828156293586 
3422 ; 1637828156319220 
4752 ; 1637828156353192 
4535 ; 1637828156391672 
3767 ; 1637828156420763 
4526 ; 1637828156453224 
===================================
target: 263 ; 1637828156468581
5429 ; 1637828156489079 
5840 ; 1637828156533314 
5904 ; 1637828156557749 
5001 ; 1637828156601205 
4784 ; 1637828156624920 
5557 ; 1637828156658746 
6018 ; 1637828156687897 
===================================
target: 264 ; 1637828156688861
5851 ; 1637828156727192 
6095 ; 1637828156755472 
5404 ; 1637828156791104 
5511 ; 1637828156825084 
6368 ; 1637828156858769 
5510 ; 1637828156900456 
===================================
target: 265 ; 1637828156900513
5458 ; 1637828156925540 
5294 ; 1637828156954160 
3810 ; 1637828156993020 
4656 ; 1637828157028549 
3374 ; 1637828157058029 
===================================
target: 266 ; 1637828157079586
4351 ; 1637828157087204 
5621 ; 1637828157131107 
6016 ; 1637828157159239 
5683 ; 1637828157190606 
6482 ; 1637828157227060 
5472 ; 1637828157258301 
7171 ; 1637828157289799 
===================================
target: 267 ; 1637828157302092
5326 ; 1637828157322928 
5470 ; 1637828157364831 
5110 ; 1637828157392795 
5698 ; 1637828157421020 
5493 ; 1637828157454526 
5831 ; 1637828157490465 
===================================
target: 268 ; 1637828157505125
4041 ; 1637828157521621 
4545 ; 1637828157560265 
5079 ; 1637828157592028 
4467 ; 1637828157623140 
4466 ; 1637828157653947 
5409 ; 1637828157688570 
===================================
target: 269 ; 1637828157688831
5112 ; 1637828157728618 
4887 ; 1637828157758114 
5425 ; 1637828157795047 
5539 ; 1637828157822655 
4354 ; 1637828157864022 
4375 ; 1637828157893178 
===================================
target: 270 ; 1637828157893232
3728 ; 1637828157923329 
6288 ; 1637828157954432 
4915 ; 1637828157990561 
5466 ; 1637828158020538 
5587 ; 1637828158056300 
6761 ; 1637828158090545 
===================================
target: 271 ; 1637828158095296
9444 ; 1637828158122197 
7418 ; 1637828158156494 
7432 ; 1637828158187181 
8133 ; 1637828158223193 
6066 ; 1637828158255116 
6655 ; 1637828158289167 
5893 ; 1637828158321290 
7378 ; 1637828158359105 
===================================
target: 272 ; 1637828158373533
6281 ; 1637828158394759 
6264 ; 1637828158423552 
6432 ; 1637828158454987 
6222 ; 1637828158488392 
6081 ; 1637828158529767 
6580 ; 1637828158562846 
5887 ; 1637828158599354 
===================================
target: 273 ; 1637828158607846
6660 ; 1637828158635467 
5383 ; 1637828158659292 
6860 ; 1637828158690891 
4363 ; 1637828158733880 
6009 ; 1637828158753397 
5151 ; 1637828158788120 
===================================
target: 274 ; 1637828158813003
4045 ; 1637828158822068 
5658 ; 1637828158855113 
17217 ; 1637828158890641 
4265 ; 1637828158921165 
4831 ; 1637828158953689 
===================================
target: 275 ; 1637828158967300
5208 ; 1637828158987364 
5723 ; 1637828159024893 
5373 ; 1637828159069800 
5371 ; 1637828159088954 
5390 ; 1637828159123420 
5087 ; 1637828159155274 
===================================
target: 276 ; 1637828159176000
5025 ; 1637828159189505 
5628 ; 1637828159222212 
5019 ; 1637828159253783 
5354 ; 1637828159286847 
5380 ; 1637828159322361 
5467 ; 1637828159355898 
5386 ; 1637828159392472 
4758 ; 1637828159423655 
4846 ; 1637828159457754 
5144 ; 1637828159492270 
4667 ; 1637828159526768 
5259 ; 1637828159556924 
4987 ; 1637828159589542 
4548 ; 1637828159621324 
4883 ; 1637828159653156 
4956 ; 1637828159693058 
4586 ; 1637828159727586 
4898 ; 1637828159755631 
4421 ; 1637828159790686 
4972 ; 1637828159822987 
4636 ; 1637828159855398 
4375 ; 1637828159889257 
===================================
target: 277 ; 1637828159913010
4825 ; 1637828159925856 
4934 ; 1637828159956229 
4641 ; 1637828159992666 
5577 ; 1637828160024968 
4697 ; 1637828160057666 
5470 ; 1637828160092933 
5813 ; 1637828160131228 
===================================
target: 278 ; 1637828160131387
6204 ; 1637828160158126 
5523 ; 1637828160191490 
5892 ; 1637828160234236 
5136 ; 1637828160288779 
5502 ; 1637828160293865 
5173 ; 1637828160323420 
===================================
target: 279 ; 1637828160342664
5255 ; 1637828160357414 
5560 ; 1637828160391075 
5711 ; 1637828160435574 
5028 ; 1637828160458908 
5380 ; 1637828160490787 
5213 ; 1637828160525652 
===================================
target: 280 ; 1637828160539460
6094 ; 1637828160558157 
4557 ; 1637828160588177 
5121 ; 1637828160623889 
4974 ; 1637828160659816 
5518 ; 1637828160695051 
4841 ; 1637828160743432 
===================================
target: 281 ; 1637828160743495
5348 ; 1637828160775205 
5221 ; 1637828160803973 
5518 ; 1637828160837059 
5103 ; 1637828160874131 
5299 ; 1637828160905006 
4840 ; 1637828160945641 
===================================
target: 282 ; 1637828160948565
5730 ; 1637828160969636 
4861 ; 1637828161003934 
5344 ; 1637828161044766 
5215 ; 1637828161067361 
4644 ; 1637828161098575 
5367 ; 1637828161147737 
===================================
target: 283 ; 1637828161152556
5176 ; 1637828161171557 
4846 ; 1637828161206623 
5450 ; 1637828161246600 
4274 ; 1637828161274398 
5369 ; 1637828161311531 
4520 ; 1637828161340005 
===================================
target: 284 ; 1637828161364957
5428 ; 1637828161376649 
5028 ; 1637828161405011 
6478 ; 1637828161445600 
3996 ; 1637828161487349 
6141 ; 1637828161502031 
6032 ; 1637828161536384 
6289 ; 1637828161581499 
5535 ; 1637828161609853 
6512 ; 1637828161643933 
6186 ; 1637828161659948 
6407 ; 1637828161704973 
5861 ; 1637828161740734 
5680 ; 1637828161787057 
5639 ; 1637828161813741 
5750 ; 1637828161838633 
5333 ; 1637828161879960 
5952 ; 1637828161901493 
5076 ; 1637828161938426 
5849 ; 1637828161974928 
5031 ; 1637828162007950 
5796 ; 1637828162039255 
5151 ; 1637828162077200 
5508 ; 1637828162106254 
5604 ; 1637828162146970 
5495 ; 1637828162168889 
5198 ; 1637828162208371 
5765 ; 1637828162236520 
4860 ; 1637828162271198 
===================================
target: 285 ; 1637828162297971
5542 ; 1637828162310320 
4900 ; 1637828162333497 
4630 ; 1637828162371814 
6181 ; 1637828162402474 
6200 ; 1637828162438548 
5680 ; 1637828162484723 
5549 ; 1637828162502223 
4747 ; 1637828162541603 
===================================
target: 286 ; 1637828162553653
5647 ; 1637828162569423 
5267 ; 1637828162601266 
5744 ; 1637828162633096 
5211 ; 1637828162684354 
4975 ; 1637828162696951 
4807 ; 1637828162748496 
4162 ; 1637828162774000 
4089 ; 1637828162815011 
4310 ; 1637828162837169 
4108 ; 1637828162865957 
4795 ; 1637828162900521 
4907 ; 1637828162936501 
DROP ; 1637828162964612 
5052 ; 1637828162996326 
4353 ; 1637828163032255 
3567 ; 1637828163076289 
3574 ; 1637828163108258 
3621 ; 1637828163148802 
3940 ; 1637828163176017 
3935 ; 1637828163204082 
4043 ; 1637828163239288 
DROP ; 1637828163260123 
===================================
target: 287 ; 1637828163282175
4091 ; 1637828163316899 
3296 ; 1637828163335105 
3307 ; 1637828163366284 
3310 ; 1637828163400258 
3300 ; 1637828163444692 
3742 ; 1637828163469533 
===================================
target: 288 ; 1637828163478727
3690 ; 1637828163502635 
3112 ; 1637828163523056 
4278 ; 1637828163567115 
3154 ; 1637828163590407 
3895 ; 1637828163626447 
===================================
target: 289 ; 1637828163637774
3947 ; 1637828163653968 
3823 ; 1637828163696393 
3882 ; 1637828163724087 
3414 ; 1637828163755380 
===================================
target: 290 ; 1637828163770694
3736 ; 1637828163786839 
3750 ; 1637828163821200 
3763 ; 1637828163857590 
3867 ; 1637828163888339 
3169 ; 1637828163922146 
3579 ; 1637828163963367 
3703 ; 1637828163987055 
3694 ; 1637828164020006 
3568 ; 1637828164053125 
3656 ; 1637828164097198 
3591 ; 1637828164131999 
3772 ; 1637828164155223 
3331 ; 1637828164190459 
4148 ; 1637828164226053 
3538 ; 1637828164256424 
3905 ; 1637828164293025 
4093 ; 1637828164327532 
3836 ; 1637828164364974 
3803 ; 1637828164391819 
3218 ; 1637828164424433 
3644 ; 1637828164456264 
3832 ; 1637828164488886 
3067 ; 1637828164524189 
4229 ; 1637828164562875 
2977 ; 1637828164592462 
3784 ; 1637828164626681 
3534 ; 1637828164653694 
3871 ; 1637828164689067 
3615 ; 1637828164726460 
3482 ; 1637828164755527 
3347 ; 1637828164788077 
3932 ; 1637828164820485 
===================================
target: 291 ; 1637828164838906
3643 ; 1637828164861746 
4397 ; 1637828164890161 
3532 ; 1637828164922748 
3764 ; 1637828164955578 
3356 ; 1637828165006184 
2630 ; 1637828165036552 
===================================
target: 292 ; 1637828165046481
4355 ; 1637828165069282 
3030 ; 1637828165110520 
3304 ; 1637828165146824 
3772 ; 1637828165178956 
3384 ; 1637828165210944 
3774 ; 1637828165233504 
===================================
target: 293 ; 1637828165252552
3396 ; 1637828165275681 
3689 ; 1637828165292904 
3984 ; 1637828165328643 
4285 ; 1637828165362823 
3784 ; 1637828165402856 
3520 ; 1637828165424262 
3900 ; 1637828165460232 
===================================
target: 294 ; 1637828165460426
4313 ; 1637828165490237 
3641 ; 1637828165525149 
5021 ; 1637828165552671 
3119 ; 1637828165585881 
4647 ; 1637828165632073 
3302 ; 1637828165657468 
===================================
target: 295 ; 1637828165670619
3438 ; 1637828165687372 
3644 ; 1637828165737932 
3564 ; 1637828165761232 
3861 ; 1637828165795017 
3828 ; 1637828165830999 
3726 ; 1637828165855394 
===================================
target: 296 ; 1637828165860649
3898 ; 1637828165889811 
3372 ; 1637828165919651 
3712 ; 1637828165959725 
3742 ; 1637828165990039 
3932 ; 1637828166022669 
3708 ; 1637828166054863 
===================================
target: 297 ; 1637828166058531
3927 ; 1637828166089263 
3791 ; 1637828166119766 
4053 ; 1637828166153383 
3184 ; 1637828166193188 
4362 ; 1637828166224077 
3125 ; 1637828166258564 
===================================
target: 298 ; 1637828166276164
3376 ; 1637828166285887 
3181 ; 1637828166320216 
3957 ; 1637828166384914 
3316 ; 1637828166390268 
3533 ; 1637828166423747 
3442 ; 1637828166457732 
===================================
target: 299 ; 1637828166479653
4045 ; 1637828166488031 
3484 ; 1637828166539047 
4102 ; 1637828166571027 
3435 ; 1637828166589704 
3973 ; 1637828166622879 
3974 ; 1637828166658053 
===================================
target: 300 ; 1637828166685512
4145 ; 1637828166696362 
4293 ; 1637828166729742 
3721 ; 1637828166758206 
3547 ; 1637828166789772 
4456 ; 1637828166827444 
3183 ; 1637828166863127 
4350 ; 1637828166886981 
===================================
target: 301 ; 1637828166889635
3135 ; 1637828166922344 
4143 ; 1637828166955941 
3481 ; 1637828166992732 
3977 ; 1637828167029792 
3879 ; 1637828167055430 
3883 ; 1637828167097108 
===================================
target: 302 ; 1637828167098107
4312 ; 1637828167128298 
5060 ; 1637828167159610 
4096 ; 1637828167188550 
4841 ; 1637828167221598 
4357 ; 1637828167257228 
4385 ; 1637828167307710 
4530 ; 1637828167324775 
===================================
target: 303 ; 1637828167329201
5547 ; 1637828167357097 
4635 ; 1637828167398777 
DROP ; 1637828167415698 
4498 ; 1637828167457177 
3630 ; 1637828167488818 
2591 ; 1637828167522132 
===================================
target: 304 ; 1637828167538481
3271 ; 1637828167561234 
2915 ; 1637828167588007 
3172 ; 1637828167623674 
2797 ; 1637828167654224 
3298 ; 1637828167688302 
3308 ; 1637828167724860 
===================================
target: 305 ; 1637828167725837
3510 ; 1637828167755538 
3033 ; 1637828167790119 
3477 ; 1637828167821857 
3349 ; 1637828167857235 
3940 ; 1637828167885796 
3044 ; 1637828167919584 
3455 ; 1637828167958079 
3693 ; 1637828167993242 
3700 ; 1637828168020905 
2933 ; 1637828168077771 
3059 ; 1637828168087700 
3140 ; 1637828168119899 
3188 ; 1637828168154609 
2703 ; 1637828168208559 
3534 ; 1637828168247413 
2987 ; 1637828168262561 
3102 ; 1637828168289777 
2794 ; 1637828168323185 
===================================
target: 306 ; 1637828168333083
3225 ; 1637828168356804 
3006 ; 1637828168386491 
3636 ; 1637828168421107 
3143 ; 1637828168458726 
3433 ; 1637828168490562 
3141 ; 1637828168530892 
3665 ; 1637828168552097 
2868 ; 1637828168586983 
3240 ; 1637828168622151 
3230 ; 1637828168659010 
2998 ; 1637828168688727 
3150 ; 1637828168719233 
===================================
target: 307 ; 1637828168719270
3355 ; 1637828168753088 
3266 ; 1637828168786212 
3563 ; 1637828168823324 
2926 ; 1637828168863174 
3927 ; 1637828168900189 
2881 ; 1637828168919977 
===================================
target: 308 ; 1637828168953019
3429 ; 1637828168965459 
3092 ; 1637828168998784 
3487 ; 1637828169040629 
3427 ; 1637828169062503 
3533 ; 1637828169104649 
3328 ; 1637828169128134 
===================================
target: 309 ; 1637828169138092
3670 ; 1637828169160799 
3699 ; 1637828169194007 
3395 ; 1637828169227129 
3204 ; 1637828169273534 
2995 ; 1637828169293649 
2796 ; 1637828169320950 
===================================
target: 310 ; 1637828169351774
3586 ; 1637828169371630 
3122 ; 1637828169394423 
2851 ; 1637828169419727 
3260 ; 1637828169453933 
3587 ; 1637828169490158 
3036 ; 1637828169527700 
3654 ; 1637828169555046 
===================================
target: 311 ; 1637828169555820
3220 ; 1637828169588708 
3741 ; 1637828169631543 
3366 ; 1637828169656472 
3782 ; 1637828169688004 
3503 ; 1637828169724312 
3842 ; 1637828169757056 
===================================
target: 312 ; 1637828169762456
3628 ; 1637828169792510 
3927 ; 1637828169823714 
3288 ; 1637828169853155 
3939 ; 1637828169895612 
2473 ; 1637828169931746 
3255 ; 1637828169963804 
===================================
target: 313 ; 1637828169963853
3127 ; 1637828169992695 
3572 ; 1637828170025091 
2796 ; 1637828170058229 
3208 ; 1637828170094668 
3371 ; 1637828170124424 
3840 ; 1637828170179202 
===================================
target: 314 ; 1637828170179304
3123 ; 1637828170196301 
3574 ; 1637828170222631 
2936 ; 1637828170252992 
4019 ; 1637828170292289 
3347 ; 1637828170323138 
3944 ; 1637828170354546 
3888 ; 1637828170390246 
===================================
target: 315 ; 1637828170390306
3603 ; 1637828170428107 
3291 ; 1637828170458396 
3558 ; 1637828170486209 
3042 ; 1637828170528721 
3858 ; 1637828170554974 
3597 ; 1637828170585825 
===================================
target: 316 ; 1637828170597297
2999 ; 1637828170631246 
3488 ; 1637828170654582 
3741 ; 1637828170698845 
3538 ; 1637828170726027 
3092 ; 1637828170755557 
3538 ; 1637828170795928 
4151 ; 1637828170833100 
===================================
target: 317 ; 1637828170833140
4096 ; 1637828170854834 
4668 ; 1637828170889277 
3257 ; 1637828170923336 
3583 ; 1637828170959311 
3628 ; 1637828170990381 
3581 ; 1637828171034143 
3918 ; 1637828171053244 
===================================
target: 318 ; 1637828171059200
3805 ; 1637828171089668 
3813 ; 1637828171119526 
3793 ; 1637828171153629 
3574 ; 1637828171196161 
3329 ; 1637828171222160 
3086 ; 1637828171253681 
4238 ; 1637828171297812 
===================================
target: 319 ; 1637828171297967
3803 ; 1637828171323473 
3941 ; 1637828171361794 
3843 ; 1637828171389275 
4187 ; 1637828171424536 
3546 ; 1637828171453729 
3726 ; 1637828171497750 
===================================
target: 320 ; 1637828171502639
3626 ; 1637828171523148 
5042 ; 1637828171557988 
3423 ; 1637828171589681 
===================================
target: 321 ; 1637828171607889
4247 ; 1637828171624719 
3970 ; 1637828171663948 
3976 ; 1637828171686587 
3895 ; 1637828171725809 
3839 ; 1637828171753145 
4436 ; 1637828171803063 
4784 ; 1637828171825299 
4402 ; 1637828171860343 
4265 ; 1637828171898338 
3981 ; 1637828171920249 
DROP ; 1637828171948745 
4271 ; 1637828171990192 
2579 ; 1637828172021156 
2733 ; 1637828172053113 
2432 ; 1637828172086486 
2646 ; 1637828172126903 
2711 ; 1637828172152658 
2548 ; 1637828172196628 
3455 ; 1637828172220734 
===================================
target: 322 ; 1637828172235877
2758 ; 1637828172253814 
3485 ; 1637828172286749 
3149 ; 1637828172324831 
3482 ; 1637828172356796 
3352 ; 1637828172385879 
3447 ; 1637828172420117 
===================================
target: 323 ; 1637828172437396
3490 ; 1637828172471072 
3624 ; 1637828172511332 
3187 ; 1637828172544757 
3251 ; 1637828172555464 
3273 ; 1637828172587148 
2786 ; 1637828172622811 
2894 ; 1637828172656936 
===================================
target: 324 ; 1637828172669151
2884 ; 1637828172703752 
2812 ; 1637828172721593 
2577 ; 1637828172759417 
2929 ; 1637828172792941 
3051 ; 1637828172829832 
2506 ; 1637828172852386 
===================================
target: 325 ; 1637828172872004
3727 ; 1637828172885909 
3061 ; 1637828172921943 
3435 ; 1637828172952602 
3177 ; 1637828172992217 
3344 ; 1637828173019890 
3488 ; 1637828173051316 
===================================
target: 326 ; 1637828173080765
3530 ; 1637828173085509 
3515 ; 1637828173121978 
3894 ; 1637828173153066 
3094 ; 1637828173186240 
3790 ; 1637828173219378 
3287 ; 1637828173252193 
3327 ; 1637828173287221 
===================================
target: 327 ; 1637828173302866
3251 ; 1637828173319509 
3280 ; 1637828173384339 
3309 ; 1637828173393488 
3014 ; 1637828173418646 
3170 ; 1637828173452729 
3693 ; 1637828173488790 
===================================
target: 328 ; 1637828173505673
2877 ; 1637828173519290 
3575 ; 1637828173552381 
2563 ; 1637828173586692 
3624 ; 1637828173622024 
3126 ; 1637828173652089 
3641 ; 1637828173686927 
===================================
target: 329 ; 1637828173705634
3120 ; 1637828173719569 
3106 ; 1637828173752203 
3709 ; 1637828173789632 
3680 ; 1637828173822066 
2876 ; 1637828173854568 
3409 ; 1637828173887006 
===================================
target: 330 ; 1637828173915103
3395 ; 1637828173927499 
3362 ; 1637828173953884 
3232 ; 1637828173989368 
2608 ; 1637828174026997 
2879 ; 1637828174052644 
2961 ; 1637828174103743 
2751 ; 1637828174129800 
===================================
target: 331 ; 1637828174129852
3963 ; 1637828174154501 
3204 ; 1637828174186365 
3813 ; 1637828174222060 
2283 ; 1637828174252280 
3701 ; 1637828174287259 
3502 ; 1637828174320662 
===================================
target: 332 ; 1637828174332225
4155 ; 1637828174353275 
3909 ; 1637828174391586 
3313 ; 1637828174420099 
3893 ; 1637828174451640 
3717 ; 1637828174485908 
3163 ; 1637828174523688 
===================================
target: 333 ; 1637828174542424
3556 ; 1637828174558635 
3505 ; 1637828174588009 
3760 ; 1637828174621725 
3334 ; 1637828174655302 
3264 ; 1637828174691656 
3383 ; 1637828174720012 
===================================
target: 334 ; 1637828174737791
2771 ; 1637828174754855 
2875 ; 1637828174788518 
3367 ; 1637828174835586 
2949 ; 1637828174859577 
4088 ; 1637828174887117 
3132 ; 1637828174919324 
3778 ; 1637828174960825 
===================================
target: 335 ; 1637828174969881
4097 ; 1637828174993022 
4290 ; 1637828175020119 
3847 ; 1637828175053253 
3420 ; 1637828175085714 
3879 ; 1637828175127099 
3688 ; 1637828175178713 
3163 ; 1637828175190522 
===================================
target: 336 ; 1637828175190609
3320 ; 1637828175218822 
3302 ; 1637828175260011 
4238 ; 1637828175288656 
2790 ; 1637828175319898 
3866 ; 1637828175353051 
3524 ; 1637828175385744 
===================================
target: 337 ; 1637828175406378
3725 ; 1637828175419322 
3382 ; 1637828175451648 
3515 ; 1637828175485740 
3054 ; 1637828175522173 
4670 ; 1637828175552398 
3533 ; 1637828175587056 
===================================
target: 338 ; 1637828175606741
4212 ; 1637828175622126 
3835 ; 1637828175654612 
4405 ; 1637828175707621 
3785 ; 1637828175724056 
3907 ; 1637828175753449 
3958 ; 1637828175787004 
===================================
target: 339 ; 1637828175808249
4164 ; 1637828175819768 
2954 ; 1637828175857965 
4112 ; 1637828175885523 
3028 ; 1637828175919147 
3873 ; 1637828175958436 
3289 ; 1637828176001404 
===================================
target: 340 ; 1637828176013440
3678 ; 1637828176023639 
3264 ; 1637828176077370 
3033 ; 1637828176126457 
3261 ; 1637828176139902 
3298 ; 1637828176203958 
===================================
target: 341 ; 1637828176220018
3224 ; 1637828176237030 
3353 ; 1637828176275433 
2975 ; 1637828176306661 
3867 ; 1637828176333068 
3719 ; 1637828176349512 
4414 ; 1637828176364192 
3682 ; 1637828176402258 
===================================
target: 342 ; 1637828176422285
3886 ; 1637828176442453 
3527 ; 1637828176475875 
4040 ; 1637828176503373 
3890 ; 1637828176544605 
3690 ; 1637828176558966 
3354 ; 1637828176602734 
===================================
target: 343 ; 1637828176620177
3426 ; 1637828176639315 
3816 ; 1637828176667824 
3952 ; 1637828176696311 
4526 ; 1637828176730503 
3318 ; 1637828176767121 
3619 ; 1637828176813524 
===================================
target: 344 ; 1637828176826516
3711 ; 1637828176842396 
3323 ; 1637828176866043 
4230 ; 1637828176897700 
3433 ; 1637828176935122 
3930 ; 1637828176961203 
3582 ; 1637828177007628 
4289 ; 1637828177036962 
===================================
target: 345 ; 1637828177037032
3584 ; 1637828177064139 
4262 ; 1637828177103074 
4029 ; 1637828177139988 
4234 ; 1637828177171072 
3809 ; 1637828177202442 
4651 ; 1637828177252153 
3767 ; 1637828177264037 
===================================
target: 346 ; 1637828177277998
3964 ; 1637828177309091 
3824 ; 1637828177334778 
3982 ; 1637828177369566 
3982 ; 1637828177400326 
3436 ; 1637828177441421 
4025 ; 1637828177474746 
===================================
target: 347 ; 1637828177474804
3894 ; 1637828177505186 
3415 ; 1637828177543053 
3838 ; 1637828177558818 
3205 ; 1637828177594967 
4904 ; 1637828177630001 
3745 ; 1637828177665327 
===================================
target: 348 ; 1637828177678008
4378 ; 1637828177704693 
3944 ; 1637828177738352 
4689 ; 1637828177765745 
4632 ; 1637828177804506 
4177 ; 1637828177843438 
3139 ; 1637828177878451 
===================================
target: 349 ; 1637828177897209
4050 ; 1637828177907523 
4843 ; 1637828177950564 
3415 ; 1637828177961566 
3753 ; 1637828178005944 
4275 ; 1637828178039216 
4227 ; 1637828178068251 
===================================
target: 350 ; 1637828178091617
4266 ; 1637828178102225 
3890 ; 1637828178143256 
5421 ; 1637828178175764 
5158 ; 1637828178199979 
5670 ; 1637828178247754 
3760 ; 1637828178271269 
===================================
target: 351 ; 1637828178295391
5017 ; 1637828178307692 
3960 ; 1637828178334676 
4785 ; 1637828178380800 
4558 ; 1637828178407614 
4340 ; 1637828178441072 
4806 ; 1637828178469467 
===================================
target: 352 ; 1637828178496238
4262 ; 1637828178506185 
4367 ; 1637828178536455 
4850 ; 1637828178571025 
3948 ; 1637828178606950 
4596 ; 1637828178635080 
3534 ; 1637828178680545 
3584 ; 1637828178705473 
===================================
target: 353 ; 1637828178705538
3567 ; 1637828178736347 
3926 ; 1637828178776386 
3802 ; 1637828178805098 
4769 ; 1637828178842821 
4506 ; 1637828178868608 
DROP ; 1637828178909412 
3384 ; 1637828178947645 
===================================
target: 354 ; 1637828178963272
3151 ; 1637828178971587 
3689 ; 1637828179001137 
3504 ; 1637828179024453 
3500 ; 1637828179064661 
3787 ; 1637828179099049 
3804 ; 1637828179143250 
3998 ; 1637828179171478 
===================================
target: 355 ; 1637828179171576
4341 ; 1637828179211488 
4615 ; 1637828179244467 
4638 ; 1637828179265324 
5232 ; 1637828179305285 
4752 ; 1637828179327773 
5424 ; 1637828179374193 
===================================
target: 356 ; 1637828179388982
5339 ; 1637828179398573 
4957 ; 1637828179443200 
4669 ; 1637828179473147 
5153 ; 1637828179504576 
4504 ; 1637828179545728 
4954 ; 1637828179575330 
4838 ; 1637828179599562 
===================================
target: 357 ; 1637828179599631
4575 ; 1637828179647157 
4500 ; 1637828179665446 
5067 ; 1637828179708618 
5056 ; 1637828179728444 
4727 ; 1637828179775125 
4791 ; 1637828179803968 
===================================
target: 358 ; 1637828179804044
5017 ; 1637828179839767 
4526 ; 1637828179887740 
5245 ; 1637828179924369 
4121 ; 1637828179960759 
4859 ; 1637828179982621 
4231 ; 1637828180002190 
===================================
target: 359 ; 1637828180002236
5746 ; 1637828180045519 
5230 ; 1637828180087995 
5112 ; 1637828180132049 
5292 ; 1637828180156101 
6422 ; 1637828180174033 
5390 ; 1637828180199511 
5770 ; 1637828180229485 
5427 ; 1637828180286268 
===================================
target: 360 ; 1637828180292547
5461 ; 1637828180311659 
4770 ; 1637828180351614 
5297 ; 1637828180366080 
5787 ; 1637828180397945 
5689 ; 1637828180436851 
4686 ; 1637828180468182 
5744 ; 1637828180503854 
5058 ; 1637828180534558 
5544 ; 1637828180581357 
4451 ; 1637828180605153 
5322 ; 1637828180630243 
===================================
target: 361 ; 1637828180643303
4908 ; 1637828180670926 
5386 ; 1637828180707667 
5330 ; 1637828180734148 
5271 ; 1637828180774800 
5400 ; 1637828180805387 
5616 ; 1637828180835033 
4826 ; 1637828180868513 
5722 ; 1637828180934348 
4384 ; 1637828180960456 
===================================
target: 362 ; 1637828180960705
8050 ; 1637828180981262 
5425 ; 1637828181003167 
5828 ; 1637828181048096 
5815 ; 1637828181090795 
5626 ; 1637828181097813 
5389 ; 1637828181132339 
5276 ; 1637828181168243 
5093 ; 1637828181195826 
===================================
target: 363 ; 1637828181228135
5082 ; 1637828181234239 
3576 ; 1637828181271790 
3976 ; 1637828181300048 
3567 ; 1637828181327452 
3486 ; 1637828181372551 
3777 ; 1637828181393681 
4437 ; 1637828181430885 
3944 ; 1637828181461115 
4466 ; 1637828181494268 
4017 ; 1637828181552048 
4837 ; 1637828181593668 
DROP ; 1637828181593876 
5070 ; 1637828181638976 
4315 ; 1637828181675188 
DROP ; 1637828181691864 
5039 ; 1637828181734296 
DROP ; 1637828181759551 
4767 ; 1637828181797928 
4103 ; 1637828181835078 
DROP ; 1637828181870248 
4087 ; 1637828181897463 
2296 ; 1637828181930282 
2837 ; 1637828181970259 
2619 ; 1637828182003654 
2898 ; 1637828182022880 
DROP ; 1637828182066141 
3465 ; 1637828182121612 
2337 ; 1637828182149436 
2999 ; 1637828182162341 
2584 ; 1637828182193753 
3819 ; 1637828182240559 
2305 ; 1637828182271657 
2359 ; 1637828182307634 
2860 ; 1637828182337552 
2164 ; 1637828182378670 
2611 ; 1637828182399229 
2528 ; 1637828182435074 
2587 ; 1637828182470722 
3138 ; 1637828182506665 
2710 ; 1637828182546489 
3252 ; 1637828182568117 
2831 ; 1637828182604303 
===================================
target: 364 ; 1637828182604350
3036 ; 1637828182633451 
2683 ; 1637828182680163 
2826 ; 1637828182706457 
2781 ; 1637828182754067 
2525 ; 1637828182787763 
2811 ; 1637828182805547 
3835 ; 1637828182841031 
3217 ; 1637828182868627 
2715 ; 1637828182893193 
2348 ; 1637828182933946 
2553 ; 1637828182973841 
2587 ; 1637828183006240 
===================================
target: 365 ; 1637828183006290
2382 ; 1637828183027519 
2429 ; 1637828183066360 
2408 ; 1637828183095679 
2962 ; 1637828183127876 
DROP ; 1637828183185779 
3069 ; 1637828183196847 
3721 ; 1637828183236712 
2544 ; 1637828183261410 
2397 ; 1637828183301324 
2577 ; 1637828183336174 
2694 ; 1637828183363476 
2910 ; 1637828183394722 
2961 ; 1637828183420769 
2893 ; 1637828183454240 
3254 ; 1637828183487191 
3379 ; 1637828183520100 
4384 ; 1637828183552441 
3496 ; 1637828183587891 
2774 ; 1637828183620508 
2483 ; 1637828183654521 
2504 ; 1637828183685934 
2536 ; 1637828183723039 
3063 ; 1637828183754446 
2834 ; 1637828183789100 
3219 ; 1637828183823878 
2498 ; 1637828183852074 
3816 ; 1637828183893456 
2917 ; 1637828183930794 
2768 ; 1637828183962852 
2685 ; 1637828183993810 
2881 ; 1637828184046190 
2832 ; 1637828184059752 
3182 ; 1637828184095357 
2679 ; 1637828184124138 
3285 ; 1637828184155630 
2582 ; 1637828184190747 
3767 ; 1637828184222794 
3191 ; 1637828184254090 
2846 ; 1637828184289491 
2871 ; 1637828184327461 
3002 ; 1637828184353842 
2928 ; 1637828184386988 
2430 ; 1637828184419313 
2887 ; 1637828184459236 
3001 ; 1637828184492001 
2891 ; 1637828184526322 
===================================
target: 366 ; 1637828184526383
3399 ; 1637828184553272 
3141 ; 1637828184593435 
2895 ; 1637828184619319 
2880 ; 1637828184654287 
2965 ; 1637828184688078 
2969 ; 1637828184721368 
===================================
target: 367 ; 1637828184749664
2859 ; 1637828184755279 
2739 ; 1637828184787844 
3453 ; 1637828184827605 
2870 ; 1637828184853275 
3672 ; 1637828184886099 
2506 ; 1637828184919070 
===================================
target: 368 ; 1637828184942281
3216 ; 1637828184953137 
2142 ; 1637828184985599 
2351 ; 1637828185019218 
2625 ; 1637828185053001 
2533 ; 1637828185094042 
3416 ; 1637828185121633 
3400 ; 1637828185152048 
===================================
target: 369 ; 1637828185152085
3157 ; 1637828185186200 
3645 ; 1637828185219605 
2825 ; 1637828185253518 
2972 ; 1637828185286032 
2722 ; 1637828185319335 
2963 ; 1637828185352994 
===================================
target: 370 ; 1637828185369802
3109 ; 1637828185386678 
2863 ; 1637828185420536 
3123 ; 1637828185454392 
3692 ; 1637828185487672 
3206 ; 1637828185518966 
3277 ; 1637828185555869 
===================================
target: 371 ; 1637828185574062
2643 ; 1637828185585403 
3071 ; 1637828185623823 
3043 ; 1637828185653216 
2955 ; 1637828185686760 
3168 ; 1637828185733483 
3086 ; 1637828185756874 
===================================
target: 372 ; 1637828185776204
3386 ; 1637828185795533 
3933 ; 1637828185819391 
2767 ; 1637828185863367 
3227 ; 1637828185886149 
2739 ; 1637828185942070 
3091 ; 1637828185958716 
===================================
target: 373 ; 1637828185979075
3088 ; 1637828185989552 
3317 ; 1637828186020221 
3002 ; 1637828186052480 
3190 ; 1637828186087936 
3211 ; 1637828186125496 
2960 ; 1637828186152439 
2462 ; 1637828186186633 
===================================
target: 374 ; 1637828186204066
3081 ; 1637828186219826 
2548 ; 1637828186252841 
3414 ; 1637828186292224 
2881 ; 1637828186319915 
2942 ; 1637828186351986 
2989 ; 1637828186385600 
===================================
target: 375 ; 1637828186405096
3604 ; 1637828186421579 
2540 ; 1637828186460279 
3188 ; 1637828186486832 
2918 ; 1637828186520494 
3121 ; 1637828186553189 
2938 ; 1637828186585887 
===================================
target: 376 ; 1637828186604516
3227 ; 1637828186619753 
3170 ; 1637828186657608 
3341 ; 1637828186686208 
3462 ; 1637828186720536 
3428 ; 1637828186753501 
2557 ; 1637828186784231 
3079 ; 1637828186819301 
===================================
target: 377 ; 1637828186837487
2589 ; 1637828186850513 
4344 ; 1637828186883907 
3181 ; 1637828186917137 
3255 ; 1637828186950358 
3009 ; 1637828186982733 
3275 ; 1637828187016617 
===================================
target: 378 ; 1637828187036700
3290 ; 1637828187050360 
2932 ; 1637828187083352 
3161 ; 1637828187117925 
3038 ; 1637828187149998 
2859 ; 1637828187183150 
3761 ; 1637828187216760 
3078 ; 1637828187259860 
===================================
target: 379 ; 1637828187259917
3800 ; 1637828187284138 
3088 ; 1637828187317741 
3810 ; 1637828187350651 
3237 ; 1637828187385550 
3209 ; 1637828187417812 
3215 ; 1637828187452158 
===================================
target: 380 ; 1637828187452219
3899 ; 1637828187483625 
3157 ; 1637828187516951 
3848 ; 1637828187551980 
2973 ; 1637828187586985 
3493 ; 1637828187616891 
3147 ; 1637828187651671 
===================================
target: 381 ; 1637828187651719
3189 ; 1637828187683391 
3389 ; 1637828187716903 
3489 ; 1637828187750487 
3047 ; 1637828187783954 
3524 ; 1637828187817186 
3708 ; 1637828187866181 
===================================
target: 382 ; 1637828187866263
3979 ; 1637828187891281 
2966 ; 1637828187920838 
3470 ; 1637828187952123 
3611 ; 1637828187983251 
3321 ; 1637828188017434 
3178 ; 1637828188052407 
4088 ; 1637828188096350 
===================================
target: 383 ; 1637828188096405
3499 ; 1637828188134298 
3647 ; 1637828188149397 
2841 ; 1637828188189121 
3461 ; 1637828188217202 
3008 ; 1637828188257277 
3583 ; 1637828188288375 
===================================
target: 384 ; 1637828188288435
3105 ; 1637828188317230 
2759 ; 1637828188350413 
3394 ; 1637828188385650 
3715 ; 1637828188420920 
3354 ; 1637828188451688 
3342 ; 1637828188485320 
===================================
target: 385 ; 1637828188485521
3106 ; 1637828188517930 
3939 ; 1637828188551499 
2837 ; 1637828188593852 
3368 ; 1637828188631806 
3525 ; 1637828188654086 
3505 ; 1637828188694791 
===================================
target: 386 ; 1637828188694868
3766 ; 1637828188720002 
3621 ; 1637828188761439 
