0
3
9
14
19
23
28
40
40
41
45
48
51
57
61
66
71
78
83
90
95
102
106
109
113
115
116
118
121
130
184
210
214
214
215
216
217
218
218
219
220
220
221
221
222
222
223
224
224
225
233
240
249
270
270
274
295
300
303
318
318
319
321
325
329
333
336
339
344
347
350
359
362
362
363
365
373
376
376
377
384
384
390
391
393
396
400
400
403
406
409
413
415
416
418
419
421
425
425
428
435
435
440
440
443
446
449
449
452
455
456
460
463
466
469
470
473
476
477
480
483
486
491
493
496
499
502
505
506
508
511
515
515
517
520
530
533
536
536
541
541
544
547
550
554
556
559
563
563
566
569
572
572
575
578
578
581
584
587
591
591
594
594
597
600
604
604
607
610
617
620
623
624
624
627
633
633
635
636
638
654
654
655
655
656
656
657
660
666
667
667
669
670
679
679
680
680
682
685
686
689
702
702
714
724
727
732
735
739
741
749
753
753
753
755
758
761
765
769
772
781
784
787
790
793
796
805
805
808
812
815
818
821
824
830
833
842
848
848
854
854
860
865
869
873
881
886
899
902
908
918
924
933
933
958
958
959
959
960
962
983
984
989
992
997
1006
1010
1013
1024
1121
1124
1125
1125
1126
1126
1126
1127
1127
1128
1128
1141
1220
1220
1246
1247
1247
1289
1329
1329
1330
1330
1331
1332
1333
1333
1372
1372
1373
1373
1374
1374
1374
1375
1381
1385
1398
1413
1413
1414
1422
1426
1433
1442
1458
1475
1478
1488
1495
1496
1501
1504
1512
1516
1529
1534
1537
1540
1552
1557
1566
1566
1570
1573
1585
1589
1592
1601
1605
1605
1608
1620
1623
1626
1629
1632
1633
1642
1643
1643
1654
1654
1655
1663
1681
1684
1688
1695
1705
1708
1711
1716
1726
1729
1730
1733
1736
1736
1739
1742
1746
1749
1755
1760
1760
1761
1763
1771
1771
1772
1774
1777
1777
1782
1786
1790
1795
1798
1801
1802
1804
1808
1810
1811
1814
1814
1817
1817
1828
1828
1829
1829
1830
1831
1840
1847
1854
1861
1868
1877
1894
1899
1912
1918
1927
1927
1934
1952
1957
1960
1971
1980
1990
2000
2034
2437
2437
2440
2444
2458
2464
2505
2505
2506
2508
2508
2509
2510
2511
2782
2785
2792
2792
2798
2809
2813
2818
2823
2832
2832
2832
2842
2854
2855
2856
2865
2870
2870
2873
2884
2887
2891
2895
2901
2914
2920
2931
3134
3135
3135
3215
3215
3218
3219
3219
3219
3220
3220
3221
3221
3222
3222
3223
3223
3224
3224
3229
3229
3230
3230
3233
3237
3238
3238
3239
3240
3240
3240
3241
3241
3242
3242
3243
3243
3244
3244
3244
3245
3245
3246
3246
3246
3247
3247
3247
3247
3251
3251
3251
3255
3256
3256
3256
3256
3256
3257
3257
3257
3257
3258
3258
3258
3258
3258
3259
3259
3259
3259
3259
3260
3260
3260
3260
3261
3261
3261
3261
3261
3263
3264
3264
3264
3267
3267
3267
3267
3274
3277
3277
3284
3284
3285
3285
3285
3287
3287
3288
3288
3288
3288
3288
3289
3291
3291
3293
3297
3302
3302
3302
3303
3303
3305
3305
3306
3306
3306
3307
3307
3308
3308
3312
3312
3315
3316
3317
3318
3319
3321
3322
3323
3323
3324
3331
3332
3333
3333
3335
3339
3340
3340
3341
3342
3342
3343
3343
3344
3344
3345
3345
3346
3347
3347
3348
3348
3349
3349
3350
3351
3351
3352
3352
3353
3354
3355
3355
3356
3357
3357
3358
3358
3359
3360
3360
3361
3365
3366
3368
3369
3370
3370
3373
3374
3374
3375
3375
3376
3377
3377
3377
3378
3378
3379
3380
3380
3381
3381
3383
3384
3384
3385
3385
3385
3386
3387
3387
3387
3388
3389
3389
3390
3390
3391
3391
3392
3392
3393
3393
3394
3394
3395
3395
3397
3398
3398
3399
3399
3400
3400
3401
3401
3402
3402
3403
3403
3403
3404
3404
3405
3405
3406
3406
3407
3407
3408
3408
3409
3409
3410
3410
3411
3413
3414
3414
3415
3415
3416
3416
3417
3417
3418
3418
3419
3419
3420
3420
3420
3421
3421
3422
3422
3423
3423
3424
3424
3425
3425
3426
3426
3426
3427
3427
3428
3428
3429
3429
3430
3430
3431
3431
3431
3432
3432
3433
3433
3434
3434
3435
3435
3435
3436
3436
3437
3437
3438
3438
3439
3441
3441
3442
3442
3443
3443
3443
3444
3444
3445
3448
3448
3450
3450
3451
3453
3454
3454
3456
3457
3457
3458
3458
3459
3459
3460
3460
3461
3461
3461
3462
3462
3463
3464
3464
3464
3465
3466
3466
3466
3467
3467
3469
3469
3470
3470
3471
3471
3472
3472
3473
3473
3473
3474
3474
3475
3475
3476
3476
3476
3477
3477
3478
3478
3479
3479
3479
3480
3480
3481
3481
3482
3482
3482
3483
3483
3484
3484
3485
3485
3485
3486
3486
3487
3487
3488
3488
3489
3489
3490
3490
3490
3491
3491
3492
3492
3493
3493
3493
3494
3494
3495
3495
3495
3496
3496
3497
3500
3500
3501
3504
3505
3505
3505
3506
3506
3507
3507
3508
3508
3508
3509
3509
3510
3510
3511
3511
3511
3512
3512
3513
3513
3514
3514
3515
3515
3517
3517
3518
3518
3519
3519
3520
3520
3521
3521
3521
3522
3522
3523
3523
3524
3524
3525
3525
3525
3526
3526
3527
3527
3528
3528
3528
3529
3529
3530
3530
3531
3531
3532
3532
3532
3533
3533
3534
3534
3535
3535
3535
3536
3537
3537
3537
3538
3538
3539
3539
3540
3540
3540
3541
3541
3542
3542
3543
3543
3544
3544
3544
3545
3545
3546
3546
3547
3547
3547
3548
3548
3549
3549
3551
3552
3552
3552
3553
3554
3555
3555
3555
3558
3558
3559
3559
3559
3560
3560
3561
3561
3561
3562
3562
3563
3563
3564
3564
3565
3565
3566
3566
3567
3568
3568
3569
3570
3571
3571
3572
3573
3574
3574
3575
3578
3578
3582
3582
3582
3583
3584
3584
3584
3585
3585
3586
3586
3587
3588
3588
3588
3589
3590
3590
3592
3593
3593
3594
3594
3595
3595
3596
3596
3596
3597
3597
3598
3599
3599
3599
3600
3600
3601
3601
3602
3602
3603
3603
3604
3605
3606
3607
3607
3608
3608
3609
3609
3610
3610
3611
3612
3612
3613
3613
3614
3614
3615
3615
3616
3617
3617
3618
3618
3618
3619
3619
3620
3621
3621
3621
3622
3622
3623
3623
3624
3624
3625
3625
3626
3626
3627
3628
3629
3629
3630
3631
3631
3635
3638
3641
3641
3642
3642
3643
3645
3645
3646
3646
3647
3647
3648
3648
3650
3650
3651
3653
3654
3656
3657
3659
3660
3662
3663
3663
3665
3666
3666
3668
3669
3672
3672
3675
3678
3681
3682
3684
3687
3690
3691
3693
3694
3697
3698
3699
3699
3701
3701
3702
3703
3704
3706
3707
3707
3710
3711
3713
3713
3714
3715
3715
3716
3717
3718
3719
3722
3723
3724
3724
3725
3726
3726
3727
3729
3731
3732
3734
3735
3737
3737
3738
3740
3741
3742
3742
3744
3746
3747
3748
3748
3749
3749
3750
3750
3751
3751
3752
3752
3752
3753
3755
3757
3759
3761
3761
3762
3762
3763
3763
3763
3764
3764
3768
3768
3770
3772
3773
3774
3774
3775
3776
3777
3778
3780
3782
3783
3784
3785
3785
3785
3786
3786
3788
3792
3800
3801
3801
3802
3803
3804
3807
3809
3813
3816
3817
3819
3821
3826
3827
3829
3830
3830
3831
3833
3836
3836
3837
3837
3839
3840
3840
3841
3842
3843
3844
3844
3846
3847
3847
3847
3848
3850
3850
3851
3851
3852
3852
3854
3854
3855
3855
3857
3857
3858
3858
3858
3859
3860
3861
3861
3861
3862
3864
3864
3865
3865
3865
3866
3866
3867
3867
3868
3868
3871
3871
3871
3875
3876
3876
3877
3877
3879
3880
3880
3881
3881
3882
3882
3883
3884
3884
3885
3885
3886
3886
3887
3887
3888
3889
3889
3890
3890
3891
3891
3892
3892
3893
3893
3894
3894
3895
3895
3895
3896
3896
3897
3897
3898
3898
3899
3899
3900
3901
3901
3902
3902
3903
3903
3904
3905
3905
3906
3906
3907
3908
3908
3909
3909
3910
3910
3911
3911
3912
3912
3913
3913
3914
3914
3915
3915
3916
3916
3917
3918
3918
3919
3919
3920
3920
3921
3921
3922
3923
3923
3924
3924
3924
3925
3925
3926
3926
3927
3927
3928
3928
3929
3929
3930
3930
3931
3931
3932
3932
3933
3933
3934
3934
3935
3935
3936
3936
3937
3937
3938
3938
3939
3939
3940
3940
3940
3941
3941
3942
3942
3943
3943
3944
3944
3945
3945
3946
3946
3946
3947
3947
3948
3948
3949
3950
3951
3952
3952
3953
3954
3954
3955
3955
3956
3956
3957
3957
3958
3958
3959
3959
3960
3960
3961
3961
3962
3962
3962
3963
3963
3964
3964
3965
3965
3966
3966
3967
3967
3968
3968
3969
3969
3970
3970
3971
3971
3972
3972
3973
3973
3974
3974
3975
3975
3976
3976
3977
3977
3978
3978
3979
3980
3980
3980
3981
3982
3982
3983
3983
3984
3984
3985
3985
3986
3987
3987
3988
3988
3989
3990
3990
3991
3991
3992
3992
3993
3993
3994
3994
3995
3995
3996
3996
3997
3997
3998
3998
3999
3999
4000
4000
4001
4001
4002
4003
4003
4004
4004
4005
4005
4006
4007
4008
4009
4009
4010
4011
4011
4011
4012
4013
4013
4014
4014
4015
4015
4016
4017
4017
4018
4018
4019
4019
4020
4020
4021
4021
4022
4022
4023
4023
4024
4024
4025
4025
4026
4026
4027
4027
4028
4029
4029
4030
4030
4031
4031
4032
4032
4033
4033
4034
4034
4037
4038
4038
4039
4039
4040
4041
4044
4044
4044
4045
4045
4046
4046
4047
4047
4048
4048
4049
4050
4050
4054
4054
4055
4055
4056
4057
4057
4057
4058
4058
4059
4060
4060
4061
4061
4062
4062
4063
4063
4064
4064
4065
4065
4066
4067
4067
4068
4068
4069
4069
4070
4070
4071
4072
4072
4073
4073
4074
4074
4075
4075
4076
4077
4077
4078
4078
4079
4079
4079
4080
4080
4081
4081
4082
4082
4083
4083
4084
4085
4085
4086
4086
4086
4087
4087
4088
4088
4089
4089
4090
4090
4093
4093
4096
4098
4099
4101
4102
4104
4106
4107
4109
4110
4112
4114
4115
4117
4118
4120
4122
4124
4126
4127
4129
4131
4132
4134
4135
4135
4136
4137
4137
4138
4139
4140
4140
4141
4141
4142
4142
4143
4143
4144
4147
4147
4150
4151
4151
4151
4154
4155
4155
4156
4157
4157
4158
4158
4159
4159
4160
4160
4161
4161
4162
4163
4163
4164
4164
4165
4165
4166
4166
4167
4167
4169
4170
4170
4171
4171
4172
4172
4173
4174
4174
4175
4176
4176
4177
4178
4178
4179
4179
4180
4180
4181
4181
4182
4182
4183
4184
4185
4186
4187
4188
4188
4189
4190
4190
4191
4192
4192
4193
4193
4194
4194
4195
4195
4196
4197
4197
4198
4198
4199
4199
4200
4200
4201
4201
4202
4202
4203
4203
4204
4204
4205
4205
4206
4207
4207
4208
4208
4209
4209
4210
4210
4211
4211
4212
4212
4213
4213
4214
4214
4215
4215
4216
4216
4217
4217
4218
4218
4219
4220
4221
4221
4222
4222
4223
4223
4224
4224
4225
4225
4225
4226
4226
4227
4227
4228
4228
4229
4229
4229
4230
4230
4231
4231
4232
4232
4233
4233
4234
4238
4238
4239
4239
4240
4240
4241
4241
4242
4242
4243
4243
4243
4244
4244
4245
4245
4246
4246
4247
4247
4247
4248
4248
4249
4249
4250
4250
4251
4251
4251
4252
4252
4253
4253
4254
4254
4254
4255
4255
4256
4256
4257
4257
4258
4258
4258
4259
4259
4260
4260
4261
4261
4261
4262
4262
4263
4264
4264
4265
4265
4265
4266
4267
4267
4268
4268
4268
4269
4269
4270
4271
4271
4271
4272
4272
4273
4273
4274
4274
4275
4275
4275
4276
4276
4277
4277
4278
4278
4279
4280
4281
4281
4282
4282
4283
4283
4284
4284
4285
4285
4286
4287
4287
4288
4288
4289
4290
4290
4291
4291
4292
4292
4293
4293
4294
4294
4295
4298
4303
4312
4313
4315
4316
4319
4319
4320
4322
4329
4330
4330
4332
4333
4333
4336
4339
4340
4340
4340
4343
4343
4344
4344
4345
4346
4346
4348
4349
4352
4352
4353
4355
4355
4356
4358
4358
4361
4364
4364
4365
4367
4368
4375
4376
4376
4377
4377
4378
4378
4378
4379
4379
4380
4386
4387
4387
4387
4388
4392
4392
4393
4393
4394
4395
4395
4396
4396
4397
4397
4397
4398
4398
4399
4403
4403
4404
4406
4407
4407
4409
4410
4410
4411
4411
4411
4412
4413
4413
4416
4416
4420
4420
4424
4427
4430
4433
4437
4442
4446
4446
4447
4448
4449
4449
4451
4452
4452
4453
4455
4455
4455
4456
4456
4457
4458
4458
4459
4459
4466
4467
4467
4470
4470
4471
4471
4471
4472
4472
4473
4473
4473
4474
4474
4475
4475
4476
4476
4476
4480
4480
4481
4481
4481
4482
4485
4486
4486
4487
4487
4489
4489
4489
4490
4490
4491
4491
4491
4492
4492
4496
4496
4496
4497
4497
4497
4497
4497
4498
4498
4498
4498
4498
4499
4499
4499
4499
4499
4505
4508
4509
4509
4509
4509
4511
4511
4512
4512
4519
4520
4520
4520
4520
4520
4520
4521
4521
4521
4523
4523
4523
4523
4526
4526
4526
4526
4530
4530
4530
4531
4531
4531
4533
4534
4534
4534
4535
4535
4536
4536
4537
4537
4538
4544
4545
4547
4547
4547
4548
4548
4549
4549
4550
4551
4551
4552
4552
4553
4553
4553
4554
4554
4554
4554
4554
4555
4555
4555
4555
4555
4555
4557
4558
4558
4558
4558
4562
4562
4563
4563
4564
4564
4564
4564
4565
4567
4572
4572
4573
4574
4576
4577
4577
4578
4578
4579
4580
4580
4581
4581
4582
4582
4583
4584
4584
4585
4585
4586
4586
4587
4588
4588
4589
4589
4590
4591
4591
4592
4592
4593
4594
4594
4595
4595
4596
4597
4597
4601
4602
4604
4605
4605
4608
4608
4609
4611
4612
4612
4613
4614
4614
4615
4621
4622
4625
4625
4626
4626
4627
4627
4627
4628
4628
4629
4629
4630
4630
4631
4631
4632
4632
4633
4634
4634
4635
4635
4637
4637
4638
4638
4639
4640
4640
4641
4641
4642
4642
4643
4644
4644
4645
4646
4647
4648
4649
4650
4651
4651
4653
4654
4654
4655
4655
4655
4656
4657
4657
4658
4658
4658
4659
4659
4660
4660
4661
4661
4661
4662
4662
4663
4663
4664
4664
4665
4665
4666
4666
4667
4667
4667
4668
4669
4669
4670
4670
4671
4672
4672
4673
4675
4675
4676
4676
4677
4677
4678
4678
4679
4679
4680
4682
4684
4685
4685
4686
4693
4694
4694
4695
4695
4695
4696
4697
4697
4698
4698
4698
4700
4700
4703
4703
4704
4706
4706
4706
4709
4710
4710
4713
4713
4714
4715
4715
4715
4716
4717
4717
4717
4718
4718
4719
4719
4720
4720
4721
4721
4721
4725
4725
4726
4728
4729
4729
4729
4730
4730
4731
4731
4732
4732
4733
4733
4734
4734
4734
4735
4735
4736
4736
4737
4737
4737
4738
4738
4739
4739
4740
4740
4740
4741
4741
4742
4743
4746
4746
4747
4747
4748
4748
4749
4749
4750
4750
4750
4751
4751
4752
4752
4753
4753
4753
4754
4754
4755
4755
4756
4756
4757
4757
4758
4758
4759
4759
4760
4760
4760
4761
4761
4762
4762
4763
4764
4765
4765
4766
4766
4767
4767
4768
4768
4769
4769
4770
4770
4771
4771
4772
4772
4773
4773
4774
4774
4775
4775
4776
4778
4778
4778
4781
4781
4784
4784
4785
4787
4787
4790
4790
4791
4791
4792
4792
4793
4794
4794
4794
4795
4795
4797
4798
4798
4799
4800
4800
4801
4801
4802
4803
4803
4803
4804
4804
4805
4805
4805
4806
4806
4807
4808
4808
4809
4809
4810
4810
4811
4811
4811
4812
4813
4813
4813
4814
4814
4816
4816
4817
4817
4817
4819
4820
4820
4821
4821
4821
4822
4822
4823
4823
4824
4824
4824
4825
4825
4826
4827
4827
4827
4828
4828
4829
4829
4830
4830
4831
4831
4831
4832
4832
4833
4833
4834
4835
4835
4835
4836
4836
4837
4837
4838
4838
4838
4839
4839
4841
4842
4842
4842
4843
4843
4844
4844
4845
4845
4845
4846
4846
4847
4847
4848
4848
4849
4849
4850
4850
4851
4851
4852
4853
4853
4854
4854
4855
4855
4856
4857
4857
4857
4858
4858
4859
4859
4860
4860
4861
4861
4863
4863
4863
4864
4864
4865
4866
4867
4867
4867
4868
4868
4869
4873
4873
4874
4874
4875
4876
4877
4877
4878
4878
4879
4880
4881
4881
4881
4882
4883
4883
4884
4884
4885
4885
4885
4886
4886
4887
4887
4888
4888
4889
4889
4891
4891
4892
4892
4892
4893
4894
4894
4895
4895
4897
4898
4898
4899
4899
4899
4901
4901
4901
4902
4902
4903
4904
4905
4905
4905
4906
4906
4907
4907
4908
4908
4908
4909
4909
4910
4910
4911
4911
4911
4912
4913
4913
4914
4914
4914
4915
4916
4916
4917
4917
4918
4919
4919
4920
4920
4921
4921
4921
4922
4922
4925
4926
4928
4929
4931
4932
4932
4933
4933
4934
4935
4935
4935
4936
4938
4938
4939
4939
4940
4941
4941
4942
4942
4943
4943
4944
4951
4951
4952
4952
4954
4954
4955
4955
4956
4956
4957
4957
4958
4958
4958
4959
4959
4960
4960
4960
4961
4961
4962
4962
4963
4963
4963
4964
4964
4965
4965
4965
4966
4967
4967
4970
4970
4971
4971
4972
4973
4973
4974
4976
4979
4982
4983
4983
4986
4989
4992
4992
4993
4993
4996
5000
5000
5002
5002
5005
5005
5006
5006
5007
5008
5009
5011
5012
5014
5015
5015
5016
5017
5018
5018
5019
5021
5021
5029
5029
5029
5032
5032
5032
5033
5033
5033
5034
5034
5035
5035
5035
5035
5035
5036
5039
5040
5041
5041
5049
5049
5049
5049
5052
5052
5052
5056
5057
5057
5059
5060
5060
5062
5063
5063
5063
5063
5064
5065
5066
5066
5066
5069
5069
5069
5069
5072
5072
5073
5073
5075
5075
5079
5080
5080
5080
5080
5081
5083
5086
5087
5088
5088
5089
5089
5089
5092
5092
5093
5093
5094
5094
5095
5095
5097
5104
5104
5107
5110
5111
5111
5112
5113
5113
5114
5114
5115
5116
5117
5117
5118
5118
5119
5119
5120
5124
5125
5125
5127
5127
5128
5128
5129
5129
5130
5130
5131
5131
5132
5132
5133
5133
5134
5134
5135
5135
5136
5136
5137
5138
5138
5139
5139
5140
5140
5141
5141
5142
5142
5143
5143
5144
5144
5145
5146
5146
5147
5147
5148
5148
5149
5149
5150
5150
5151
5151
5152
5153
5153
5154
5156
5157
5157
5158
5158
5159
5159
5160
5160
5161
5161
5162
5162
5163
5163
5164
5164
5165
5165
5166
5166
5167
5167
5168
5168
5169
5169
5170
5170
5171
5172
5172
5173
5173
5173
5174
5175
5175
5176
5176
5177
5177
5178
5178
5179
5179
5180
5180
5181
5182
5182
5183
5183
5185
5185
5186
5186
5187
5188
5188
5189
5189
5190
5190
5190
5191
5191
5192
5192
5193
5193
5197
5197
5197
5198
5198
5205
5205
5206
5206
5207
5207
5208
5208
5209
5209
5210
5210
5210
5211
5212
5212
5213
5213
5214
5214
5221
5221
5222
5222
5224
5225
5225
5226
5226
5227
5227
5227
5228
5228
5229
5229
5229
5230
5230
5231
5231
5231
5232
5232
5233
5234
5234
5235
5237
5237
5244
5244
5245
5245
5246
5247
5248
5250
5253
5254
5254
5255
5255
5255
5257
5257
5257
5260
5260
5261
5264
5264
5265
5265
5266
5266
5267
5275
5275
5276
5276
5277
5277
5284
5284
5285
5285
5285
5286
5287
5288
5288
5291
5291
5291
5292
5292
5293
5294
5301
5304
5305
5305
5305
5306
5306
5308
5308
5309
5309
5310
5313
5316
5317
5319
5320
5320
5321
5322
5323
5323
5325
5326
5329
5332
5335
5336
5336
5337
5337
5338
5338
5338
5339
5339
5340
5340
5341
5341
5341
5342
5342
5343
5343
5344
5345
5345
5348
5354
5358
5358
5360
5360
5361
5363
5367
5367
5368
5368
5368
5370
5371
5371
5372
5373
5374
5377
5377
5378
5380
5381
5381
5381
5383
5384
5384
5388
5391
5394
5395
5395
5397
5397
5398
5400
5401
5401
5401
5404
5407
5408
5408
5410
5410
5413
5413
5414
5414
5416
5416
5417
5417
5419
5420
5420
5422
5422
5423
5425
5426
5426
5435
5435
5436
5436
5438
5439
5439
5439
5444
5444
5445
5445
5446
5446
5447
5447
5448
5448
5451
5451
5453
5454
5456
5457
5457
5460
5460
5460
5463
5463
5466
5466
5467
5469
5474
5474
5475
5477
5480
5480
5483
5484
5486
5487
5489
5490
5492
5493
5493
5496
5496
5499
5499
5500
5502
5505
5505
5508
5512
5512
5513
5514
5515
5517
5518
5520
5521
5524
5524
5527
5527
5530
5530
5533
5533
5534
5536
5536
5537
5539
5540
5540
5543
5547
5558
5562
5565
5573
5573
5577
5577
5577
5583
5586
5586
5589
5593
5599
5599
5604
5604
5607
5610
5610
5613
5624
5624
5628
5628
5635
5636
5637
5637
5639
5639
5648
5649
5649
5651
5654
5657
5658
5660
5665
5675
5678
5686
5689
5694
5694
5703
5704
5704
5707
5707
5709
5710
5711
5714
5716
5717
5724
5724
5725
5727
5727
5730
5731
5734
5737
5737
5740
5743
5743
5744
5746
5749
5750
5752
5753
5756
5756
5757
5761
5763
5766
5769
5770
5770
5772
5775
5776
5778
5779
5782
5785
5785
5788
5789
5789
5791
5791
5795
5795
5798
5798
5798
5801
5801
5810
5813
5813
5814
5819
5819
5820
5820
5826
5826
5829
5829
5830
5830
5835
5839
5840
5840
5841
5843
5844
5844
5846
5847
5847
5848
5848
5855
5855
5859
5859
5860
5860
5861
5861
5862
5863
5863
5865
5866
5866
5867
5867
5869
5869
5870
5870
5871
5878
5878
5881
5881
5882
5882
5884
5885
5885
5886
5886
5888
5888
5895
5896
5896
5897
5897
5897
5898
5898
5899
5899
5901
5901
5901
5902
5902
5904
5905
5905
5905
5906
5908
5908
5908
5911
5911
5912
5912
5921
5921
5922
5922
5924
5924
5925
5925
5928
5931
5931
5934
5935
5935
5937
5938
5946
5949
5949
5952
5955
5956
5965
5968
5968
5969
5971
5972
5972
5972
5974
5975
5975
5975
5977
5978
5978
5980
5981
5981
5982
5983
5984
5984
5985
5987
5987
5987
5990
5990
5991
5993
5993
5994
5994
5996
5997
5999
6000
6000
6002
6006
6007
6007
6008
6009
6009
6012
6012
6015
6015
6016
6018
6018
6021
6022
6022
6022
6024
6031
6034
6034
6035
6037
6037
6038
6043
6043
6044
6046
6047
6047
6047
6048
6048
6049
6049
6050
6050
6050
6052
6053
6053
6056
6056
6056
6057
6059
6059
6059
6062
6062
6065
6065
6066
6068
6068
6071
6074
6075
6077
6078
6078
6080
6084
6084
6087
6090
6090
6091
6091
6093
6093
6096
6099
6100
6102
6103
6103
6105
6106
6109
6110
6112
6112
6113
6115
6115
6116
6117
6118
6118
6119
6119
6121
6121
6121
6124
6124
6124
6127
6127
6127
6130
6130
6130
6133
6133
6134
6136
6136
6139
6140
6140
6143
6144
6144
6144
6146
6147
6147
6150
6151
6152
6155
6156
6156
6158
6159
6159
6160
6161
6162
6162
6165
6165
6168
6168
6168
6169
6171
6171
6172
6172
6174
6174
6177
6178
6178
6180
6181
6181
6181
6183
6184
6186
6187
6190
6190
6190
6191
6194
6194
6195
6196
6196
6197
6197
6199
6200
6200
6201
6202
6203
6203
6205
6206
6206
6209
6209
6210
6212
6212
6213
6215
6221
6222
6222
6222
6223
6224
6225
6225
6225
6227
6228
6230
6233
6234
6236
6237
6242
6242
6243
6243
6244
6244
6246
6250
6254
6254
6256
6257
6259
6266
6269
6272
6275
6276
6283
6286
6287
6287
6289
6290
6293
6293
6294
6296
6297
6298
6305
6306
6306
6307
6307
6308
6309
6309
6310
6310
6315
6318
6318
6321
6322
6324
6325
6325
6326
6327
6328
6328
6330
6331
6331
6334
6334
6335
6335
6337
6337
6338
6340
6341
6341
6341
6342
6343
6344
6344
6351
6351
6352
6356
6359
6359
6362
6363
6363
6365
6373
6376
6376
6379
6380
6380
6380
6382
6383
6385
6386
6388
6389
6389
6392
6392
6392
6393
6395
6395
6398
6398
6399
6399
6400
6401
6401
6402
6402
6404
6404
6405
6407
6408
6408
6408
6410
6411
6411
6413
6414
6415
6415
6417
6417
6417
6418
6420
6420
6421
6421
6423
6426
6427
6430
6437
6439
6439
6440
6442
6442
6443
6443
6445
6445
6446
6448
6457
6457
6458
6458
6460
6460
6461
6461
6462
6464
6467
6471
6472
6472
6472
6473
6473
6474
6475
6475
6483
6483
6484
6487
6487
6488
6488
6489
6490
6491
6494
6497
6497
6498
6498
6500
6501
6501
6502
6503
6504
6504
6507
6507
6508
6508
6510
6511
6513
6514
6514
6515
6518
6518
6519
6519
6521
6521
6522
6524
6525
6525
6525
6528
6528
6528
6531
6531
6532
6532
6533
6533
6534
6535
6535
6535
6536
6536
6538
6538
6538
6545
6545
6548
6548
6565
6565
6565
6566
6566
6567
6567
6567
6568
6568
6569
6569
6570
6570
6571
6571
6572
6572
6577
6577
6578
6578
6579
6579
6580
6580
6581
6581
6582
6584
6584
6585
6585
6587
6588
6588
6588
6591
6597
6597
6600
6601
6601
6601
6603
6607
6607
6608
6611
6611
6612
6612
6613
6614
6615
6618
6618
6624
6624
6625
6627
6630
6631
6634
6634
6640
6640
6644
6647
6647
6648
6648
6650
6651
6651
6653
6654
6654
6657
6657
6660
6661
6663
6664
6666
6667
6670
6676
6677
6677
6677
6678
6678
6679
6679
6680
6681
6684
6684
6685
6687
6687
6690
6691
6694
6695
6695
6697
6698
6701
6701
6702
6702
6704
6707
6708
6717
6717
6717
6718
6718
6719
6720
6720
6723
6723
6724
6726
6726
6727
6729
6732
6733
6735
6736
6738
6739
6741
6742
6742
6743
6744
6745
6748
6748
6749
6751
6754
6755
6763
6763
6764
6764
6765
6766
6769
6770
6772
6773
6773
6781
6781
6784
6784
6785
6787
6787
6792
6796
6796
6797
6798
6801
6802
6802
6805
6805
6806
6806
6808
6809
6809
6811
6811
6812
6812
6814
6815
6815
6816
6824
6824
6825
6827
6827
6828
6828
6829
6829
6830
6830
6830
6831
6831
6832
6832
6834
6835
6835
6836
6837
6838
6840
6841
6841
6843
6846
6846
6849
6850
6850
6852
6853
6853
6853
6853
6855
6856
6859
6862
6863
6863
6865
6865
6868
6868
6868
6871
6871
6874
6875
6875
6879
6880
6881
6882
6883
6884
6886
6887
6888
6888
6889
6890
6890
6891
6891
6892
6893
6893
6894
6895
6895
6896
6897
6897
6898
6898
6899
6900
6900
6901
6901
6902
6902
6903
6904
6904
6911
6911
6912
6913
6913
6914
6917
6922
6922
6923
6924
6924
6925
6925
6926
6927
6927
6928
6929
6933
6936
6937
6937
6938
6938
6939
6946
6946
6947
6947
6948
6948
6955
6963
6964
6965
6966
6966
6967
6968
6969
6969
6970
6970
6971
6971
6976
6977
6977
6980
6981
6981
6981
6982
6982
6983
6983
6983
6986
6989
6990
6990
6990
6992
6993
6993
6994
6994
6995
6995
6996
6996
6997
6998
7005
7008
7009
7009
7010
7010
7010
7011
7011
7012
7012
7013
7014
7015
7015
7017
7018
7019
7019
7019
7021
7024
7024
7024
7025
7025
7027
7027
7028
7028
7030
7030
7031
7031
7031
7033
7033
7034
7036
7036
7037
7037
7046
7046
7049
7052
7052
7053
7055
7055
7056
7058
7069
7072
7072
7075
7081
7084
7084
7087
7090
7090
7093
7101
7101
7104
7104
7107
7107
7108
7108
7117
7117
7118
7118
7119
7120
7129
7129
7130
7130
7135
7135
7138
7145
7145
7146
7151
7151
7152
7160
7163
7163
7164
7167
7170
7171
7180
7180
7184
7187
7187
7190
7200
7204
7204
7207
7207
7207
7215
7215
7218
7219
7221
7232
7237
7242
7245
7249
7252
7255
7259
7262
7265
7268
7277
7277
7280
7290
7290
7291
7296
7296
7297
7305
7308
7312
7314
7315
7325
7325
7328
7328
7331
7331
7334
7348
7348
7353
7357
7360
7363
7364
7364
7367
7370
7375
7378
7381
7388
7391
7396
7409
7409
7415
7415
7424
7424
7427
7428
7431
7435
7438
7454
7454
7458
7462
7464
7467
7471
7474
7477
7483
7484
7484
7488
7488
7491
7495
7499
7502
7505
7508
7509
7523
7524
7526
7529
7533
7538
7543
7547
7550
7554
7557
7560
7568
7573
7576
7580
7585
7588
7594
7597
7608
7608
7618
7620
7624
7627
7630
7639
7643
7646
7654
7657
7660
7661
7661
7667
7668
7670
7673
7676
7680
7683
7686
7689
7693
7693
7696
7699
7702
7705
7711
7714
7717
7717
7720
7723
7727
7729
7730
7732
7735
7736
7739
7741
7745
7753
7756
7759
7762
7772
7772
7778
7783
7788
7791
7794
7794
7797
7797
7798
7808
7813
7814
7818
7821
7825
7830
7833
7834
7836
7840
7843
7846
7849
7854
7858
7864
7870
7880
7883
7884
7888
7893
7896
7897
7897
7899
7902
7903
7905
7908
7912
7912
7915
7915
7916
7918
7919
7922
7925
7925
7928
7934
7937
7940
7947
7947
7956
7957
7957
7963
7967
7971
7972
7974
7974
7975
7976
7979
7979
7982
7986
7990
7993
7996
7997
8005
8011
8013
8014
8016
8019
8026
8030
8033
8033
8043
8043
8046
8047
8050
8050
8055
8058
8059
8061
8063
8066
8066
8071
8071
8073
8076
8076
8079
8079
8082
8085
8092
8092
8093
8093
8094
8094
8096
8097
8097
8097
8100
8100
8103
8103
8106
8106
8111
8114
8115
8118
8119
8122
8124
8127
8128
8129
8130
8131
8131
8132
8132
8133
8134
8134
8135
8135
8136
8137
8137
8145
8145
8145
8146
8148
8149
8152
8152
8153
8154
8155
8158
8158
8159
8161
8162
8162
8162
8163
8163
8164
8164
8165
8169
8171
8172
8174
8175
8177
8178
8180
8181
8182
8182
8183
8187
8187
8188
8191
8191
8192
8194
8197
8198
8201
8205
8207
8210
8211
8211
8217
8221
8221
8233
8235
8236
8236
8237
8237
8237
8238
8238
8239
8239
8240
8240
8240
8241
8241
8242
8242
8243
8245
8245
8246
8246
8248
8249
8249
8250
8251
8252
8252
8253
8255
8256
8256
8257
8257
8259
8259
8265
8265
8266
8266
8267
8267
8267
8268
8268
8269
8269
8270
8270
8272
8272
8275
8276
8276
8280
8281
8282
8283
8285
8285
8286
8286
8287
8287
8288
8289
8289
8290
8290
8298
8298
8302
8303
8303
8304
8304
8305
8305
8306
8306
8307
8307
8309
8309
8310
8310
8311
8311
8314
8314
8315
8317
8317
8318
8320
8321
8321
8322
8323
8323
8330
8333
8333
8334
8334
8335
8335
8336
8337
8337
8338
8338
8339
8339
8339
8340
8340
8343
8343
8343
8344
8346
8350
8350
8351
8352
8352
8353
8355
8355
8358
8358
8359
8368
8369
8371
8372
8372
8372
8374
8374
8375
8375
8376
8376
8377
8377
8378
8378
8379
8380
8380
8381
8381
8381
8382
8384
8384
8387
8390
8391
8391
8391
8393
8396
8397
8397
8398
8398
8399
8400
8400
8404
8406
8407
8407
8407
8408
8409
8409
8410
8410
8412
8412
8413
8413
8413
8415
8415
8423
8424
8425
8426
8426
8427
8434
8437
8438
8438
8440
8441
8441
8442
8444
8447
8447
8448
8448
8449
8449
8450
8450
8451
8451
8452
8452
8452
8453
8453
8454
8454
8455
8455
8455
8456
8457
8458
8460
8461
8463
8464
8466
8468
8469
8472
8474
8476
8477
8478
8478
8479
8479
8480
8480
8481
8481
8481
8482
8483
8483
8484
8484
8485
8485
8486
8487
8487
8488
8488
8489
8489
8490
8490
8491
8491
8492
8493
8493
8493
8494
8494
8495
8496
8496
8497
8498
8499
8500
8502
8504
8505
8507
8508
8510
8512
8513
8515
8517
8518
8519
8519
8520
8520
8521
8521
8522
8522
8523
8523
8524
8524
8525
8525
8526
8526
8527
8527
8528
8528
8529
8529
8530
8530
8531
8531
8532
8533
8533
8534
8534
8535
8535
8536
8536
8537
8537
8538
8538
8539
8539
8540
8540
8541
8541
8542
8542
8543
8543
8544
8544
8545
8545
8546
8546
8547
8547
8548
8548
8549
8549
8550
8550
8551
8551
8551
8552
8553
8553
8554
8554
8555
8555
8556
8556
8557
8559
8560
8561
8562
8562
8563
8563
8564
8564
8565
8565
8566
8566
8567
8567
8568
8568
8569
8569
8570
8570
8571
8571
8572
8572
8573
8573
8574
8575
8575
8576
8576
8577
8577
8578
8578
8578
8579
8580
8580
8580
8581
8581
8582
8582
8583
8583
8584
8584
8584
8585
8585
8586
8586
8587
8587
8588
8588
8588
8589
8589
8590
8590
8591
8591
8592
8592
8592
8593
8593
8594
8594
8595
8595
8595
8596
8596
8597
8597
8598
8598
8599
8599
8600
8600
8600
8601
8601
8602
8602
8603
8603
8603
8604
8604
8605
8605
8606
8606
8607
8607
8607
8608
8608
8609
8609
8610
8610
8611
8611
8612
8612
8612
8613
8613
8614
8614
8615
8615
8616
8616
8617
8617
8617
8618
8618
8619
8619
8620
8620
8620
8621
8621
8622
8622
8623
8623
8624
8624
8625
8625
8626
8626
8626
8627
8627
8628
8628
8629
8629
8630
8630
8630
8635
8638
8639
8639
8639
8640
8640
8641
8642
8642
8642
8643
8643
8644
8644
8644
8645
8645
8646
8648
8649
8649
8651
8652
8653
8653
8653
8654
8654
8655
8655
8655
8656
8656
8657
8657
8658
8658
8659
8659
8660
8660
8660
8661
8661
8662
8662
8663
8663
8664
8664
8665
8665
8667
8667
8667
8668
8668
8670
8670
8671
8671
8672
8672
8672
8673
8673
8674
8674
8675
8675
8675
8676
8676
8677
8678
8678
8679
8679
8680
8680
8680
8681
8683
8683
8684
8684
8684
8685
8685
8686
8687
8687
8687
8688
8688
8689
8690
8690
8690
8691
8691
8692
8692
8693
8693
8693
8694
8694
8695
8695
8696
8696
8697
8697
8697
8698
8698
8699
8699
8700
8700
8701
8701
8701
8702
8702
8703
8703
8704
8704
8705
8705
8705
8706
8706
8707
8707
8708
8708
8709
8709
8710
8710
8711
8711
8712
8715
8716
8716
8717
8718
8719
8720
8720
8720
8721
8721
8722
8722
8723
8723
8723
8724
8724
8725
8725
8726
8726
8726
8727
8727
8728
8728
8729
8729
8729
8730
8731
8731
8732
8732
8733
8733
8734
8734
8735
8735
8736
8736
8737
8738
8739
8739
8740
8741
8741
8742
8744
8744
8745
8745
8746
8746
8747
8747
8747
8748
8748
8749
8749
8750
8750
8751
8751
8752
8752
8753
8753
8754
8754
8755
8755
8755
8757
8758
8758
8759
8764
8765
8767
8768
8768
8769
8769
8770
8770
8771
8771
8772
8772
8772
8773
8773
8774
8774
8775
8775
8775
8776
8776
8777
8777
8778
8778
8779
8779
8780
8780
8781
8781
8782
8782
8784
8784
8785
8785
8786
8786
8787
8787
8788
8788
8789
8789
8790
8790
8791
8791
8792
8793
8793
8794
8794
8795
8795
8796
8796
8797
8797
8798
8799
8799
8800
8800
8801
8801
8802
8802
8803
8804
8804
8805
8805
8807
8808
8809
8809
8809
8810
8810
8811
8811
8812
8812
8813
8813
8814
8815
8815
8816
8817
8817
8818
8818
8819
8819
8820
8820
8821
8821
8822
8822
8823
8823
8824
8824
8824
8825
8825
8826
8826
8827
8827
8828
8828
8829
8829
8830
8830
8831
8831
8832
8832
8833
8833
8834
8834
8835
8835
8836
8836
8837
8837
8838
8838
8839
8839
8840
8840
8841
8841
8842
8842
8843
8843
8844
8844
8845
8845
8845
8846
8846
8847
8847
8848
8848
8850
8851
8851
8852
8852
8853
8854
8855
8856
8858
8860
8861
8863
8864
8866
8868
8868
8869
8869
8870
8870
8871
8871
8872
8873
8875
8877
8878
8880
8881
8883
8885
8887
8889
8890
8892
8894
8895
8896
8897
8897
8898
8898
8899
8899
8900
8901
8901
8902
8902
8903
8903
8904
8904
8905
8905
8906
8906
8907
8907
8908
8908
8909
8909
8911
8912
8913
8913
8914
8914
8915
8915
8916
8916
8917
8917
8918
8918
8919
8919
8920
8921
8922
8923
8923
8924
8925
8925
8926
8926
8927
8927
8928
8928
8928
8929
8930
8930
8930
8931
8931
8932
8933
8933
8934
8934
8935
8935
8936
8937
8938
8938
8939
8939
8940
8940
8941
8941
8942
8942
8943
8943
8944
8944
8945
8946
8946
8947
8947
8948
8948
8949
8949
8949
8950
8950
8951
8951
8952
8952
8953
8954
8954
8955
8955
8956
8956
8957
8958
8958
8959
8959
8960
8960
8961
8961
8962
8962
8963
8963
8964
8964
8965
8965
8966
8966
8967
8967
8968
8968
8969
8969
8970
8970
8971
8971
8972
8972
8973
8973
8973
8974
8974
8975
8976
8976
8977
8978
8979
8980
8980
8981
8981
8982
8982
8983
8983
8984
8984
8985
8985
8986
8986
8987
8987
8988
8988
8989
8990
8990
8991
8991
8992
8992
8993
8993
8994
8995
8995
8996
8997
8997
8998
8998
8999
8999
9000
9000
9001
9001
9002
9002
9003
9004
9004
9005
9005
9006
9006
9007
9007
9008
9008
9008
9009
9010
9010
9011
9011
9011
9012
9012
9013
9013
9014
9014
9015
9015
9016
9016
9017
9017
9018
9018
9019
9020
9020
9020
9021
9021
9022
9022
9023
9023
9024
9024
9025
9025
9026
9026
9027
9027
9028
9028
9029
9029
9030
9031
9031
9031
9032
9033
9033
9034
9034
9035
9035
9036
9037
9037
9038
9038
9039
9040
9040
9041
9041
9041
9042
9042
9043
9043
9044
9044
9045
9045
9046
9046
9047
9047
9048
9048
9049
9049
9050
9050
9050
9051
9051
9052
9053
9053
9054
9054
9055
9055
9056
9057
9057
9058
9058
9059
9060
9060
9061
9061
9062
9062
9063
9063
9064
9064
9065
9065
9065
9066
9067
9067
9068
9068
9069
9069
9070
9070
9071
9071
9071
9072
9073
9073
9074
9074
9075
9075
9076
9076
9077
9077
9078
9079
9079
9080
9080
9081
9081
9082
9082
9083
9083
9084
9084
9084
9085
9085
9086
9087
9087
9088
9088
9089
9089
9090
9090
9091
9091
9091
9092
9093
9093
9094
9095
9095
9095
9096
9096
9097
9097
9098
9098
9099
9099
9100
9100
9101
9101
9102
9102
9103
9103
9104
9104
9105
9105
9106
9106
9107
9108
9108
9109
9109
9110
9110
9111
9111
9112
9112
9113
9113
9114
9114
9115
9115
9116
9116
9117
9117
9118
9118
9119
9119
9120
9120
9121
9122
9122
9123
9123
9124
9124
9125
9125
9126
9126
9127
9127
9128
9128
9129
9129
9130
9130
9131
9131
9132
9132
9133
9133
9134
9134
9135
9135
9136
9136
9137
9137
9138
9138
9139
9139
9140
9140
9141
9142
9142
9143
9143
9144
9144
9145
9145
9146
9146
9147
9147
9148
9148
9149
9149
9150
9150
9151
9151
9152
9152
9153
9153
9154
9154
9155
9155
9155
9156
9157
9158
9158
9159
9159
9160
9160
9161
9161
9162
9162
9163
9164
9164
9165
9165
9166
9166
9167
9167
9168
9169
9169
9170
9170
9170
9171
9172
9172
9173
9173
9174
9174
9175
9176
9176
9177
9177
9178
9179
9179
9180
9180
9181
9181
9182
9182
9183
9183
9184
9184
9185
9185
9186
9186
9187
9187
9188
9188
9189
9190
9190
9191
9191
9192
9192
9193
9193
9194
9194
9194
9195
9196
9196
9196
9197
9197
9198
9198
9199
9200
9200
9201
9201
9202
9202
9203
9203
9204
9204
9205
9206
9206
9207
9207
9208
9208
9209
9209
9210
9210
9211
9211
9212
9212
9213
9213
9214
9214
9215
9215
9216
9216
9217
9217
9218
9218
9219
9220
9220
9221
9221
9222
9222
9223
9224
9226
9228
9229
9231
9233
9235
9237
9238
9240
9242
9244
9245
9247
9248
9250
9252
9254
9256
9257
9258
9259
9260
9262
9262
9263
9263
9265
9266
9267
9267
9268
9269
9269
9270
9270
9271
9271
9272
9273
9274
9274
9275
9275
9276
9277
9277
9278
9278
9279
9279
9280
9280
9281
9281
9282
9282
9283
9283
9284
9284
9285
9285
9286
9286
9287
9287
9287
9288
9288
9289
9289
9290
9291
9291
9291
9292
9292
9293
9294
9294
9295
9295
9296
9296
9297
9297
9298
9299
9299
9300
9300
9301
9301
9302
9302
9303
9303
9304
9304
9305
9305
9306
9306
9307
9307
9308
9308
9309
9309
9310
9310
9311
9311
9312
9312
9313
9313
9314
9314
9315
9315
9315
9316
9316
9317
9317
9318
9318
9319
9319
9320
9320
9321
9322
9323
9323
9324
9324
9325
9325
9326
9326
9327
9327
9328
9328
9329
9329
9330
9330
9331
9331
9332
9332
9333
9333
9334
9334
9335
9335
9336
9337
9337
9338
9338
9339
9339
9340
9340
9341
9341
9342
9342
9343
9343
9344
9344
9345
9345
9346
9346
9347
9347
9349
9352
9353
9360
9361
9361
9362
9362
9362
9369
9369
9370
9370
9372
9384
9385
9385
9386
9387
9388
9390
9391
9393
9396
9397
9397
9400
9400
9407
9408
9408
9410
9411
9412
9412
9412
9413
9413
9414
9414
9417
9420
9420
9421
9423
9424
9424
9427
9427
9430
9433
9436
9441
9444
9445
9447
9450
9454
9457
9457
9462
9465
9466
9470
9473
9476
9483
9484
9484
9489
9489
9490
9492
9493
9495
9496
9498
9499
9499
9510
9513
9513
9514
9518
9520
9520
9523
9523
9524
9526
9526
9527
9534
9534
9537
9540
9541
9541
9542
9542
9542
9543
9543
9544
9544
9546
9553
9554
9556
9557
9558
9558
9558
9559
9559
9560
9566
9567
9569
9569
9570
9570
9573
9573
9574
9574
9576
9577
9577
9578
9578
9579
9580
9580
9582
9583
9583
9584
9584
9585
9585
9586
9586
9587
9587
9587
9588
9588
9590
9590
9593
9594
9596
9597
9599
9603
9606
9610
9613
9615
9616
9619
9621
9625
9627
9628
9630
9631
9633
9638
9641
9645
9646
9648
9650
9651
9653
9654
9656
9663
9670
9671
9677
9677
9681
9682
9684
9684
9685
9691
9694
9695
9695
9696
9698
9698
9699
9699
9701
9704
9705
9708
9710
9711
9714
9717
9720
9721
9721
9723
9724
9727
9727
9728
9728
9730
9731
9733
9734
9737
9740
9741
9741
9742
9742
9743
9744
9747
9747
9748
9748
9750
9750
9758
9761
9769
9781
9782
9782
9783
9783
9784
9784
9785
9786
9787
9790
9790
9801
9801
9808
9811
9812
9812
9814
9815
9820
9823
9826
9830
9830
9837
9840
9841
9843
9847
9850
9853
9854
9857
9857
9860
9860
9863
9863
9864
9866
9866
9869
9872
9873
9875
9877
9879
9880
9888
9892
9892
9893
9897
9900
9903
9911
9914
9918
9923
9924
9924
9924
9926
9927
9927
9929
9932
9933
9935
9938
9939
9942
9942
9945
9945
9945
9948
9951
9951
9952
9952
9955
9955
9956
9956
9959
9959
9961
9961
9963
9964
9964
9965
9965
9967
9967
9968
9968
9970
9970
9971
9978
9979
9979
9979
9981
9982
9986
9988
9990
9991
9993
9995
9997
9999
10000
10002
10004
10007
10009
10012
10014
10016
10018
10020
10022
10023
10024
10024
10025
10025
10025
10026
10026
10027
10027
10028
10028
10029
10029
10030
10030
10030
10031
10032
10032
10032
10033
10033
10034
10034
10035
10035
10036
10036
10037
10037
10038
10038
10038
10039
10039
10042
10042
10043
10045
10046
10046
10047
10047
10048
10053
10054
10054
10056
10057
10057
10058
10059
10060
10060
10062
10066
10066
10067
10067
10069
10076
10077
10077
10079
10082
10083
10083
10083
10084
10085
10086
10088
10092
10092
10092
10095
10095
10098
10098
10102
10102
10105
10105
10106
10106
10107
10108
10111
10111
10114
10114
10114
10117
10117
10117
10120
10120
10121
10121
10122
10123
10123
10124
10124
10125
10125
10126
10127
10127
10127
10128
10129
10130
10130
10132
10133
10133
10136
10137
10137
10139
10139
10140
10140
10141
10142
10142
10145
10145
10146
10154
10157
10158
10160
10160
10161
10161
10163
10166
10170
10173
10173
10173
10176
10176
10176
10180
10183
10183
10186
10186
10186
10186
10189
10189
10193
10194
10196
10199
10204
10207
10207
10208
10210
10210
10211
10213
10214
10214
10215
10217
10217
10218
10220
10221
10221
10222
10223
10224
10227
10230
10230
10231
10233
10233
10236
10237
10239
10240
10242
10243
10246
10249
10249
10252
10252
10258
10258
10259
10259
10263
10266
10267
10270
10270
10274
10279
10279
10283
10283
10286
10286
10287
10289
10293
10293
10295
10299
10299
10299
10302
10305
10305
10309
10312
10312
10315
10315
10318
10321
10321
10324
10325
10333
10336
10337
10337
10337
10338
10340
10340
10342
10343
10345
10346
10351
10352
10354
10355
10355
10356
10358
10362
10365
10365
10368
10371
10374
10377
10382
10385
10395
10395
10396
10396
10398
10408
10408
10424
10424
10424
10429
10435
10441
10447
10451
10456
10462
10466
10482
10482
10490
10490
10493
10493
10496
10514
10517
10532
10535
10538
10542
10545
10556
10556
10559
10562
10565
10630
10633
10633
10636
10637
10639
10642
10643
10646
10646
10649
10658
10658
10658
10658
10658
10661
10661
10661
10661
10664
10665
10665
10668
10678
10679
10680
10681
10682
10689
10690
10690
10693
10697
10699
10702
10705
10711
10714
10715
10722
10726
10732
10742
10744
10747
10749
10752
10753
10753
10754
10755
10755
10758
10759
10761
10764
10765
10768
10771
10772
10775
10776
10778
10781
10785
10785
10788
10791
10797
10798
10800
10802
10808
10810
10811
10811
10812
10815
10816
10821
10824
10825
10826
10827
10828
10829
10832
10833
10834
10835
10836
10838
10839
10839
10841
10841
10842
10847
10847
10848
10849
10849
10855
10858
10858
10859
10859
10860
10866
10866
10867
10870
10870
10875
10875
10876
10876
10880
10883
10884
10886
10887
10887
10887
10888
10900
10906
10909
10912
10919
10919
10920
10922
10925
10928
10932
10935
10936
10938
10941
10945
10949
10952
10955
10958
10961
10964
10968
10968
10971
10971
10974
10974
10977
10977
10980
10980
10983
10984
10986
10989
10990
10990
10993
10994
10996
10996
10997
10999
10999
11000
11002
11002
11003
11003
11004
11005
11005
11006
11008
11009
11009
11016
11016
11016
11016
11019
11019
11019
11019
11019
11020
11020
11022
11031
11031
11036
11036
11040
11043
11044
11044
11046
11049
11058
11063
11063
11063
11072
11072
11078
11078
11081
11082
11082
11084
11090
11091
11091
11093
11097
11098
11099
11102
11110
11113
11113
11116
11116
11116
11119
11119
11122
11122
11123
11126
11126
11129
11129
11130
11132
11135
11135
11138
11139
11141
11144
11148
11151
11151
11159
11163
11163
11164
11166
11167
11178
11181
11184
11187
11190
11193
11196
11198
11200
11202
11204
11206
11208
11210
11212
11215
11217
11218
11220
11223
11225
11227
11229
11231
11233
11234
11237
11237
11238
11238
11239
11240
11240
11247
11250
11253
11254
11254
11256
11270
11270
11271
11273
11274
11278
11287
11290
11291
11291
11299
11302
11302
11303
11305
11306
11306
11309
11312
11312
11315
11318
11321
11322
11325
11328
11328
11331
11332
11334
11337
11341
11344
11344
11347
11350
11354
11354
11357
11357
11358
11360
11360
11361
11363
11364
11364
11367
11368
11369
11370
11371
11371
11371
11374
11374
11375
11375
11377
11377
11377
11380
11380
11383
11383
11387
11387
11390
11390
11390
11393
11393
11396
11400
11400
11401
11403
11410
11410
11411
11417
11420
11420
11421
11438
11438
11439
11439
11440
11440
11443
11453
11453
11454
11456
11459
11460
11462
11466
11473
11473
11474
11476
11479
11479
11482
11486
11486
11489
11489
11492
11493
11496
11496
11497
11499
11502
11502
11505
11509
11509
11511
11515
11515
11518
11518
11527
11527
11527
11530
11533
11533
11537
11540
11541
11543
11544
11546
11549
11550
11552
11561
11561
11562
11562
11563
11563
11572
11572
11575
11578
11579
11581
11582
11582
11585
11585
11590
11593
11595
11597
11599
11600
11602
11604
11605
11607
11609
11614
11614
11618
11621
11621
11624
11627
11630
11634
11639
11642
11645
11646
11646
11648
11651
11654
11658
11661
11664
11667
11667
11670
11673
11677
11680
11680
11683
11686
11686
11689
11689
11692
11695
11696
11698
11699
11702
11703
11704
11712
11713
11713
11714
11716
11718
11721
11722
11724
11731
11731
11732
11732
11734
11734
11737
11737
11740
11741
11743
11744
11752
11757
11757
11758
11758
11758
11761
11764
11764
11767
11770
11773
11774
11777
11781
11784
11788
11788
11790
11793
11793
11796
11799
11800
11803
11806
11809
11812
11812
11815
11818
11821
11824
11830
11833
11836
11837
11840
11843
11843
11846
11849
11852
11853
11856
11859
11859
11862
11862
11865
11866
11868
11869
11869
11872
11872
11876
11876
11877
11879
11880
11882
11883
11886
11886
11889
11890
11892
11893
11893
11896
11899
11899
11900
11902
11905
11908
11915
11927
11945
11948
11961
11966
11970
11974
11977
11986
11986
11993
12010
12015
12018
12023
12026
12037
12037
12043
12049
12049
12054
12059
12062
12062
12063
12063
12064
12064
12065
12065
12068
12077
12081
12081
12084
12084
12087
12087
12091
12101
12101
12102
12104
12104
12107
12110
12118
12121
12121
12124
12125
12127
12128
12128
12135
12139
12139
12140
12141
12144
12147
12150
12153
12157
12165
12173
12176
12180
12189
12189
12196
12196
12202
12209
12213
12213
12229
12232
12237
12241
12245
12254
12258
12266
12271
12282
12282
12283
12285
12285
12286
12288
12289
12291
12294
12295
12298
12299
12306
12306
12307
12310
12310
12315
12315
12321
12321
12323
12324
12326
12327
12329
12332
12336
12336
12339
12342
12342
12345
12348
12349
12351
12354
12357
12360
12363
12367
12367
12370
12371
12371
12371
12379
12380
12382
12383
12386
12387
12391
12394
12394
12397
12398
12406
12406
12407
12407
12413
12416
12417
12417
12417
12419
12422
12423
12425
12426
12428
12429
12431
12432
12435
12435
12435
12437
12453
12454
12456
12457
12459
12460
12460
12461
12461
12462
12463
12464
12464
12466
12466
12467
12467
12475
12475
12476
12476
12477
12477
12478
12481
12484
12484
12487
12491
12491
12491
12494
12494
12497
12497
12500
12501
12505
12505
12506
12508
12508
12509
12509
12518
12518
12519
12519
12520
12520
12522
12522
12522
12524
12525
12527
12528
12531
12531
12531
12533
12540
12541
12541
12541
12542
12542
12543
12543
12544
12546
12547
12557
12558
12558
12558
12560
12561
12563
12571
12571
12572
12579
12579
12579
12580
12580
12581
12581
12582
12582
12583
12583
12583
12584
12585
12585
12585
12586
12587
12588
12588
12589
12590
12591
12591
12594
12594
12594
12597
12597
12598
12598
12599
12600
12600
12601
12601
12603
12604
12604
12604
12607
12607
12608
12610
12610
12611
12611
12619
12620
12620
12620
12621
12622
12622
12623
12623
12623
12624
12624
12625
12625
12626
12627
12628
12631
12631
12631
12632
12634
12634
12635
12637
12637
12638
12640
12641
12641
12641
12643
12644
12644
12646
12647
12647
12649
12650
12650
12653
12653
12654
12656
12657
12659
12659
12662
12662
12663
12663
12665
12665
12668
12668
12669
12671
12672
12672
12674
12675
12677
12678
12680
12681
12681
12685
12685
12686
12687
12687
12688
12688
12690
12691
12691
12693
12694
12696
12697
12699
12700
12700
12704
12704
12704
12706
12706
12707
12709
12709
12712
12713
12715
12716
12716
12719
12720
12720
12722
12722
12723
12725
12726
12726
12728
12729
12731
12732
12732
12734
12741
12742
12742
12742
12743
12743
12744
12744
12745
12745
12747
12748
12751
12752
12752
12753
12754
12757
12757
12758
12760
12760
12761
12761
12763
12764
12766
12767
12767
12768
12768
12769
12770
12770
12771
12772
12773
12773
12774
12776
12776
12777
12777
12779
12779
12780
12780
12781
12782
12782
12783
12783
12786
12786
12787
12787
12788
12788
12789
12789
12790
12791
12792
12792
12792
12794
12795
12795
12796
12797
12798
12798
12801
12801
12801
12802
12802
12804
12804
12805
12805
12805
12812
12815
12815
12816
12816
12818
12819
12819
12820
12820
12822
12824
12825
12847
12851
12851
12852
12852
12853
12853
12854
12854
12855
12855
12856
12856
12857
12857
12858
12858
12859
12859
12860
12860
12861
12861
12862
12862
12863
12863
12864
12864
12864
12865
12866
12867
12867
12869
12873
12873
12874
12875
12876
12876
12878
12879
12879
12882
12882
12882
12883
12885
12885
12885
12888
12888
12889
12889
12891
12892
12892
12894
12895
12895
12895
12896
12897
12898
12898
12900
12901
12901
12908
12908
12912
12912
12913
12913
12914
12914
12914
12917
12917
12918
12918
12920
12921
12921
12923
12924
12927
12927
12928
12928
12928
12929
12930
12930
12931
12931
12933
12933
12934
12936
12936
12937
12939
12939
12940
12940
12941
12942
12942
12943
12943
12945
12946
12946
12949
12950
12950
12953
12953
12954
12954
12960
12961
12961
12961
12962
12962
12963
12964
12964
12965
12965
12966
12966
12967
12967
12968
12968
12968
12970
12970
12970
12971
12973
12973
12973
12974
12976
12976
12977
12977
12980
12980
12980
12981
12982
12982
12983
12983
12983
12984
12985
12986
12986
12986
12987
12988
12988
12991
12992
12992
12993
12993
12994
12995
12995
12998
12998
12998
12999
12999
13001
13001
13004
13004
13005
13005
13005
13006
13007
13007
13008
13008
13011
13011
13012
13012
13013
13013
13014
13014
13015
13016
13017
13017
13018
13018
13025
13025
13026
13026
13027
13029
13030
13030
13031
13031
13031
13032
13033
13033
13035
13036
13038
13039
13039
13040
13040
13044
13044
13047
13047
13048
13051
13052
13052
13053
13053
13054
13054
13057
13057
13058
13058
13058
13059
13061
13061
13064
13064
13067
13068
13071
13074
13074
13075
13075
13076
13077
13078
13078
13080
13081
13081
13088
13089
13089
13090
13090
13091
13091
13092
13092
13092
13093
13100
13103
13104
13104
15144
16194
16236
16239
16239
16242
16243
16245
16246
16246
16248
16251
16252
16252
16254
16255
16255
16258
16258
16261
16261
16264
16264
16265
16265
16267
16270
16271
16271
16274
16275
16275
16277
16277
16278
16279
16279
16282
16283
16283
16285
16286
16286
16286
16288
16289
16292
16292
16292
16295
16295
16301
16302
16302
16302
16305
16305
16305
16305
16307
16307
16310
16311
16311
16313
16313
16314
16317
16317
16317
16317
16321
16321
16321
16322
16322
16322
16323
16323
16323
16324
16326
16326
16327
16329
16330
16332
16333
16333
16335
16336
16339
16339
16342
16342
16342
16343
16343
16343
16344
16344
16344
16345
16345
16345
16346
16346
16346
16349
16349
16350
16350
16350
16351
16352
16352
16352
16352
16353
16353
16354
16354
16361
16361
16362
16362
16362
16363
16363
16364
16364
16365
16365
16365
16368
16368
16368
16368
16369
16369
16369
16370
16370
16370
16370
16371
16371
16371
16371
16372
16372
16372
16372
16373
16373
16374
16374
16374
16374
16375
16375
16375
16377
16378
16378
16378
16378
16379
16379
16380
16383
16387
16388
16389
16389
16390
16390
16391
16392
16393
16393
16394
16395
16395
16396
16397
16398
16398
16399
16399
16400
16401
16401
16402
16402
16403
16404
16404
16405
16405
16406
16407
16407
16408
16408
16409
16410
16410
16411
16412
16412
16413
16413
16414
16415
16415
16416
16417
16417
16418
16418
16419
16419
16420
16421
16421
16422
16422
16423
16424
16424
16425
16425
16426
16427
16427
16428
16428
16429
16430
16430
16431
16431
16432
16433
16433
16434
16434
16435
16436
16436
16437
16437
16438
16438
16439
16440
16440
16441
16441
16442
16442
16443
16443
16444
16444
16445
16445
16446
16446
16447
16448
16448
16449
16449
16450
16450
16451
16451
16452
16452
16453
16453
16454
16455
16455
16456
16456
16457
16459
16462
16463
16464
16465
16465
16466
16466
16467
16467
16468
16468
16469
16469
16470
16470
16471
16471
16472
16472
16473
16473
16474
16474
16475
16476
16476
16477
16478
16478
16479
16479
16480
16480
16481
16481
16482
16482
16483
16483
16484
16484
16485
16485
16485
16486
16486
16487
16487
16488
16488
16489
16489
16490
16490
16491
16491
16492
16492
16493
16493
16494
16494
16495
16495
16495
16496
16496
16497
16497
16498
16498
16499
16500
16500
16500
16501
16501
16502
16503
16503
16504
16504
16505
16505
16506
16506
16507
16507
16508
16508
16509
16509
16510
16510
16511
16511
16512
16512
16513
16513
16513
16514
16514
16515
16515
16516
16516
16517
16517
16518
16518
16519
16519
16520
16520
16521
16521
16522
16522
16523
16523
16524
16524
16524
16525
16525
16526
16526
16527
16527
16528
16528
16529
16529
16530
16530
16530
16531
16531
16532
16532
16533
16533
16533
16534
16534
16535
16535
16536
16536
16537
16537
16537
16538
16538
16539
16539
16540
16540
16541
16541
16541
16542
16542
16543
16543
16544
16544
16544
16545
16545
16546
16546
16547
16547
16547
16548
16548
16549
16549
16550
16550
16550
16551
16551
16552
16552
16553
16553
16554
16554
16554
16555
16555
16556
16556
16557
16557
16558
16558
16558
16559
16559
16560
16560
16561
16561
16562
16562
16562
16563
16563
16564
16564
16564
16565
16565
16566
16566
16567
16567
16568
16568
16568
16569
16569
16570
16570
16571
16571
16572
16572
16572
16573
16574
16574
16575
16575
16581
16582
16582
16583
16583
16585
16585
16586
16586
16587
16587
16588
16588
16589
16589
16590
16590
16591
16591
16591
16592
16592
16593
16593
16594
16594
16595
16595
16596
16596
16597
16597
16598
16598
16599
16599
16600
16600
16600
16601
16601
16602
16602
16603
16603
16604
16604
16605
16605
16606
16606
16607
16607
16608
16608
16608
16609
16609
16610
16610
16611
16611
16612
16612
16613
16613
16614
16614
16615
16615
16616
16616
16617
16617
16617
16618
16618
16619
16619
16620
16620
16620
16621
16621
16622
16622
16623
16624
16625
16625
16625
16626
16626
16627
16627
16628
16628
16629
16630
16631
16631
16632
16632
16633
16633
16633
16634
16634
16635
16635
16636
16636
16637
16637
16638
16638
16638
16639
16639
16640
16640
16641
16641
16641
16642
16642
16643
16643
16644
16644
16645
16645
16645
16646
16646
16647
16647
16648
16648
16648
16649
16649
16650
16650
16651
16651
16652
16652
16652
16653
16653
16654
16654
16655
16655
16656
16656
16657
16657
16657
16658
16658
16659
16659
16660
16660
16661
16661
16661
16662
16662
16663
16663
16664
16664
16665
16665
16665
16666
16666
16667
16667
16668
16668
16668
16669
16669
16670
16670
16671
16671
16672
16672
16672
16673
16673
16674
16674
16675
16675
16676
16676
16677
16677
16677
16678
16678
16679
16679
16680
16680
16681
16681
16681
16682
16682
16683
16683
16684
16684
16684
16685
16685
16686
16686
16687
16687
16688
16688
16689
16689
16689
16690
16690
16691
16691
16692
16692
16693
16693
16693
16694
16694
16695
16695
16696
16696
16696
16697
16697
16698
16698
16699
16699
16699
16700
16700
16701
16701
16702
16702
16703
16703
16703
16704
16704
16705
16705
16706
16706
16707
16707
16707
16708
16708
16709
16709
16710
16710
16710
16711
16711
16712
16712
16713
16713
16714
16714
16715
16716
16716
16717
16717
16718
16719
16719
16720
16720
16721
16721
16722
16722
16723
16724
16724
16724
16725
16725
16726
16726
16727
16727
16727
16728
16728
16728
16728
16728
16729
16729
16729
16729
16729
16730
16730
16730
16730
16730
16731
16731
16731
16731
16731
16731
16732
16732
16732
16732
16732
16733
16733
16733
16733
16733
16734
16734
16734
16734
16734
16735
16735
16735
16735
16735
16736
16736
16736
16736
16736
16737
16737
16737
16737
16737
16738
16738
16738
16738
16738
16739
16739
16739
16739
16739
16740
16740
16740
16740
16740
16741
16741
16741
16741
16741
16742
16742
16742
16742
16742
16743
16743
16743
16743
16743
16744
16744
16744
16744
16744
16745
16745
16745
16745
16745
16745
16746
16746
16746
16746
16746
16747
16747
16747
16747
16747
16748
16748
16748
16748
16748
16749
16749
16749
16749
16749
16750
16750
16750
16750
16750
16751
16751
16751
16751
16751
16752
16752
16752
16752
16752
16753
16753
16753
16753
16753
16754
16754
16754
16754
16754
16755
16755
16755
16755
16755
16755
16756
16756
16756
16756
16757
16757
16757
16757
16759
16763
16763
16763
16763
16763
16766
16766
16766
16766
16766
16769
16769
16769
16769
16770
16770
16770
16773
16773
16773
16773
16776
16776
16776
16777
16777
16777
16777
16777
16778
16778
16778
16778
16779
16779
16779
16779
16780
16780
16780
16780
16782
16782
16782
16783
16783
16783
16783
16783
16785
16785
16786
16791
16792
16792
16795
16795
16798
16798
16798
16799
16801
16801
16802
16802
16802
16802
16803
16803
16803
16804
16804
16805
16805
16805
16806
16806
16806
16809
16809
16809
16810
16810
16810
16810
16811
16811
16811
16812
16812
16817
16817
16817
16820
16820
16820
16821
16821
16821
16822
16822
16822
16822
16823
16823
16823
16824
16824
16824
16824
16825
16825
16825
16826
16826
16826
16826
16827
16827
16827
16828
16828
16828
16828
16829
16829
16829
16830
16830
16830
16831
16831
16831
16831
16832
16832
16832
16832
16833
16836
16836
16836
16837
16837
16837
16838
16838
16838
16838
16839
16839
16839
16840
16843
16843
16846
16846
16846
16851
16851
16851
16851
16852
16852
16852
16853
16853
16854
16855
16855
16855
16855
16856
16856
16856
16864
16864
16864
16864
16865
16867
16867
16870
16871
16879
16879
16879
16880
16880
16880
16880
16883
16883
16883
16884
16884
16884
16884
16885
16885
16885
16886
16886
16886
16886
16887
16888
16894
16894
16897
16897
16897
16898
16898
16900
16901
16901
16901
16901
16902
16902
16902
16904
16904
16905
16905
16905
16905
16906
16906
16906
16907
16907
16908
16908
16908
16909
16909
16910
16910
16910
16911
16913
16913
16914
16914
16916
16917
16917
16917
16918
16923
16927
16927
16927
16928
16928
16928
16930
16931
16931
16931
16931
16932
16932
16934
16940
16944
16944
16944
16945
16945
16945
16945
16946
16946
16946
16947
16947
16947
16948
16948
16948
16948
16949
16949
16949
16950
16950
16950
16950
16951
16953
16957
16957
16957
16958
16958
16960
16960
16961
16961
16961
16962
16964
16964
16964
16965
16965
16965
16965
16966
16966
16966
16968
16968
16968
16968
16969
16970
16970
16970
16970
16971
16971
16971
16972
16972
16972
16972
16973
16973
16973
16974
16974
16974
16974
16975
16975
16976
16976
16977
16977
16977
16984
16984
16984
16987
16988
16989
16989
16990
16991
16991
16992
16993
16993
16994
16995
16995
16996
16997
16997
16998
16998
16999
17000
17000
17001
17002
17002
17002
17003
17003
17003
17003
17004
17004
17004
17005
17005
17005
17006
17006
17009
17009
17012
17012
17020
17020
17021
17025
17025
17026
17027
17027
17027
17028
17028
17028
17029
17029
17030
17030
17031
17031
17031
17032
17033
17034
17034
17035
17035
17035
17036
17036
17037
17037
17037
17038
17038
17040
17041
17041
17041
17042
17044
17044
17045
17045
17046
17047
17047
17053
17055
17056
17056
17057
17057
17057
17058
17058
17058
17059
17059
17060
17060
17060
17061
17061
17062
17062
17063
17065
17066
17069
17070
17072
17073
17083
17084
17084
17085
17089
17094
17097
17097
17100
17101
17101
17103
17109
17113
17117
17118
17120
17122
17125
17127
17129
17130
17130
17131
17131
17137
17140
17141
17143
17144
17144
17146
17154
17157
17157
17160
17161
17161
17162
17162
17163
17163
17164
17165
17168
17168
17171
17171
17172
17174
17175
17175
17178
17178
17179
17181
17182
17184
17185
17185
17186
17188
17192
17192
17192
17195
17198
17206
17209
17212
17213
17213
17221
17221
17224
17224
17225
17227
17231
17234
17237
17240
17243
17246
17247
17249
17253
17256
17259
17259
17262
17263
17265
17273
17273
17276
17279
17280
17287
17294
17297
17300
17300
17301
17303
17304
17306
17314
17314
17315
17315
17315
17317
17317
17318
17320
17321
17323
17324
17326
17327
17330
17330
17331
17333
17333
17336
17336
17337
17339
17342
17342
17343
17345
17352
17352
17353
17358
17362
17362
17363
17364
17364
17365
17365
17366
17372
17373
17373
17375
17383
17386
17386
17395
17395
17396
17396
17398
17404
17407
17410
17414
17417
17418
17420
17421
17423
17424
17424
17425
17427
17427
17430
17433
17434
17434
17435
17437
17438
17441
17441
17442
17444
17445
17447
17448
17448
17448
17450
17454
17454
17457
17457
17460
17460
17463
17463
17464
17464
17470
17470
17473
17473
17474
17476
17477
17479
17482
17486
17489
17493
17493
17494
17494
17496
17499
17500
17502
17505
17507
17507
17510
17514
17517
17517
17520
17523
17526
17530
17530
17531
17531
17533
17533
17534
17534
17536
17536
17537
17537
17538
17539
17539
17540
17542
17543
17543
17543
17544
17545
17546
17546
17547
17549
17549
17550
17550
17552
17552
17553
17553
17554
17554
17555
17555
17555
17556
17557
17557
17558
17558
17559
17561
17561
17562
17562
17563
17563
17564
17564
17564
17565
17565
17566
17566
17567
17567
17567
17568
17570
17571
17571
17572
17572
17573
17574
17574
17576
17577
17577
17580
17580
17581
17581
17582
17587
17587
17588
17591
17591
17594
17594
17595
17595
17596
17597
17598
17598
17600
17601
17601
17604
17604
17605
17605
17607
17607
17610
17610
17610
17613
17613
17614
17614
17615
17616
17616
17617
17617
17618
17619
17620
17620
17621
17621
17622
17623
17623
17624
17624
17625
17626
17626
17627
17627
17629
17629
17630
17630
17632
17632
17633
17633
17634
17634
17635
17641
17641
17642
17644
17645
17645
17647
17648
17648
17649
17651
17652
17652
17653
17653
17654
17654
17655
17656
17656
17657
17657
17658
17658
17659
17659
17659
17660
17660
17661
17661
17662
17663
17663
17664
17664
17665
17665
17667
17673
17674
17674
17674
17675
17676
17677
17677
17678
17678
17679
17679
17679
17680
17681
17684
17684
17687
17691
17691
17694
17700
17703
17704
17707
17707
17707
17708
17710
17710
17711
17711
17712
17712
17714
17714
17715
17715
17717
17718
17718
17725
17725
17728
17728
17731
17732
17736
17736
17737
17737
17738
17738
17738
17739
17744
17745
17748
17748
17749
17749
17750
17750
17750
17751
17751
17752
17752
17753
17753
17754
17754
17755
17757
17757
17766
17766
17769
17770
17772
17773
17773
17774
17774
17775
17776
17776
17777
17777
17777
17778
17778
17779
17780
17780
17780
17781
17781
17782
17784
17784
17784
17785
17787
17799
17799
17802
17802
17803
17803
17804
17804
17805
17805
17805
17809
17812
17815
17815
17816
17816
17817
17817
17822
17822
17823
17823
17825
17826
17826
17826
17827
17827
17828
17836
17836
17837
17839
17840
17840
17842
17843
17846
17846
17847
17847
17847
17849
17849
17850
17850
17851
17852
17853
17853
17860
17861
17861
17861
17863
17864
17864
17865
17865
17866
17866
17867
17867
17867
17868
17870
17873
17873
17874
17874
17875
17875
17876
17876
17877
17877
17877
17878
17878
17879
17879
17879
17880
17880
17881
17881
17882
17882
17882
17883
17888
17889
17897
17897
17900
17903
17904
17907
17907
17908
17908
17908
17910
17910
17911
17913
17914
17914
17917
17917
17918
17918
17919
17921
17921
17924
17924
17927
17928
17928
17929
17931
17932
17932
17939
17941
17942
17942
17942
17943
17943
17944
17944
17945
17945
17946
17946
17946
17947
17947
17948
17948
17950
17951
17954
17954
17954
17955
17957
17958
17958
17958
17959
17959
17960
17967
17970
17970
17971
17971
17971
17972
17972
17973
17973
17974
17975
17976
17977
17979
17983
17985
17986
17986
17987
17987
17988
17989
17989
17992
17995
18004
18004
18005
18005
18007
18008
18008
18011
18012
18012
18015
18018
18018
18019
18019
18020
18020
18021
18022
18022
18025
18025
18026
18026
18028
18029
18029
18030
18030
18031
18032
18032
18033
18035
18035
18036
18036
18038
18039
18041
18042
18043
18045
18045
18045
18046
18046
18047
18047
18048
18049
18049
18050
18051
18052
18052
18053
18054
18055
18055
18058
18058
18058
18059
18059
18060
18060
18061
18061
18062
18062
18063
18063
18065
18065
18065
18066
18066
18067
18067
18068
18068
18069
18069
18070
18071
18075
18075
18076
18076
18076
18077
18077
18078
18079
18079
18080
18080
18081
18081
18082
18083
18083
18084
18084
18085
18085
18085
18086
18087
18087
18087
18088
18088
18089
18089
18090
18090
18090
18091
18091
18092
18092
18092
18093
18093
18094
18094
18095
18095
18095
18096
18096
18097
18098
18098
18098
18099
18099
18100
18100
18101
18101
18101
18102
18102
18103
18109
18110
18110
18112
18113
18113
18113
18120
18121
18121
18123
18124
18124
18125
18125
18126
18126
18127
18127
18127
18128
18128
18129
18129
18130
18130
18131
18131
18131
18132
18132
18133
18133
18134
18134
18134
18135
18135
18136
18141
18141
18142
18144
18144
18147
18148
18148
18148
18149
18149
18150
18150
18150
18151
18151
18152
18152
18152
18153
18154
18154
18155
18156
18157
18157
18157
18158
18158
18159
18159
18160
18160
18161
18161
18162
18163
18165
18166
18166
18167
18167
18168
18168
18169
18169
18170
18170
18171
18171
18172
18172
18173
18173
18174
18175
18175
18176
18177
18177
18178
18178
18179
18179
18180
18181
18183
18184
18184
18185
18185
18186
18186
18187
18187
18188
18188
18189
18189
18190
18190
18191
18191
18192
18192
18193
18194
18195
18196
18196
18197
18197
18198
18198
18199
18199
18199
18201
18201
18202
18202
18204
18205
18205
18207
18207
18208
18208
18210
18210
18211
18211
18216
18216
18219
18220
18220
18220
18221
18221
18222
18225
18226
18227
18227
18235
18236
18238
18238
18239
18240
18240
18240
18241
18241
18242
18247
18248
18248
18248
18249
18250
18250
18251
18252
18252
18253
18253
18254
18254
18257
18258
18260
18261
18262
18262
18264
18264
18267
18267
18268
18268
18269
18270
18271
18271
18272
18276
18277
18277
18278
18278
18279
18279
18280
18280
18281
18281
18282
18283
18284
18285
18287
18288
18292
18293
18293
18294
18294
18295
18295
18296
18296
18297
18297
18298
18298
18299
18300
18301
18301
18302
18302
18309
18310
18310
18312
18313
18313
18314
18314
18315
18315
18315
18316
18321
18321
18322
18322
18323
18324
18331
18334
18337
18338
18338
18339
18339
18345
18345
18348
18348
18350
18351
18351
18352
18352
18353
18365
18366
18367
18375
18376
18376
18377
18377
18377
18378
18384
18385
18387
18387
18388
18390
18391
18394
18397
18397
18401
18401
18407
18407
18408
18408
18409
18410
18410
18411
18411
18412
18419
18422
18425
18428
18432
18432
18433
18435
18436
18438
18438
18442
18443
18443
18444
18448
18448
18451
18451
18454
18457
18466
18471
18474
18474
18477
18487
18487
18488
18502
18506
18507
18507
18507
18508
18509
18509
18511
18512
18515
18518
18518
18518
18522
18522
18526
18528
18530
18531
18534
18534
18537
18540
18540
18543
18543
18546
18547
18549
18549
18552
18553
18555
18556
18558
18561
18565
18565
18568
18568
18571
18579
18580
18580
18581
18582
18583
18586
18589
18592
18596
18599
18604
18607
18609
18610
18610
18612
18613
18613
18613
18615
18616
18616
18619
18626
18627
18627
18628
18628
18628
18629
18630
18630
18633
18633
18634
18637
18637
18638
18640
18641
18641
18642
18642
18644
18650
18653
18654
18654
18654
18655
18657
18657
18658
18660
18660
18661
18661
18663
18663
18666
18667
18672
18673
18675
18676
18678
18680
18684
18689
18691
18692
18694
18695
18697
18697
18698
18698
18699
18699
18700
18700
18701
18701
18702
18703
18703
18704
18704
18705
18705
18715
18719
18721
18722
18722
18723
18724
18724
18725
18727
18728
18728
18729
18731
18731
18734
18734
18735
18737
18738
18740
18741
18741
18741
18743
18744
18744
18745
18747
18747
18755
18755
18756
18758
18758
18759
18761
18762
18762
18764
18766
18768
18768
18769
18769
18770
18770
18771
18771
18773
18777
18780
18781
18783
18786
18793
18796
18797
18799
18800
18802
18803
18805
18808
18809
18809
18811
18815
18815
18816
18819
18819
18821
18824
18825
18825
18825
18827
18828
18829
18830
18830
18831
18831
18833
18834
18834
18837
18837
18840
18843
18843
18844
18846
18849
18850
18850
18851
18852
18853
18853
18855
18856
18856
18858
18859
18859
18862
18863
18863
18864
18864
18865
18865
18868
18868
18871
18871
18874
18874
18875
18875
18876
18877
18878
18881
18882
18883
18883
18884
18884
18885
18885
18887
18888
18888
18889
18890
18891
18891
18891
18893
18894
18894
18896
18897
18897
18898
18898
18900
18901
18901
18901
18902
18902
18903
18903
18904
18905
18907
18907
18908
18909
18909
18910
18910
18912
18912
18913
18913
18915
18916
18916
18917
18917
18918
18918
18919
18919
18920
18920
18921
18921
18922
18922
18923
18923
18924
18925
18925
18926
18927
18928
18928
18929
18929
18930
18931
18931
18932
18932
18933
18935
18936
18936
18937
18937
18938
18938
18939
18939
18940
18940
18941
18941
18942
18943
18943
18943
18944
18946
18947
18947
18947
18948
18948
18949
18949
18950
18950
18951
18951
18952
18952
18953
18953
18955
18958
18959
18962
18962
18963
18963
18964
18965
18965
18966
18966
18967
18967
18968
18971
18972
18975
18975
18976
18978
18979
18979
18979
18980
18980
18981
18981
18982
18982
18983
18983
18984
18991
18991
18992
18992
18993
18993
18993
18994
18994
18995
18996
18998
19001
19003
19004
19006
19008
19010
19012
19013
19015
19017
19019
19021
19022
19024
19026
19027
19029
19031
19033
19034
19035
19036
19036
19037
19037
19038
19038
19039
19039
19040
19040
19041
19041
19042
19042
19043
19043
19044
19044
19045
19045
19046
19051
19052
19052
19055
19058
19059
19061
19062
19063
19063
19064
19064
19065
19065
19066
19066
19071
19071
19074
19075
19075
19076
19076
19078
19078
19079
19079
19080
19080
19081
19081
19082
19082
19089
19092
19092
19093
19095
19098
19099
19099
19100
19100
19100
19101
19102
19102
19103
19105
19105
19105
19106
19108
19108
19109
19111
19111
19120
19120
19121
19121
19124
19127
19127
19128
19128
19131
19135
19136
19136
19137
19137
19141
19144
19145
19145
19146
19146
19146
19147
19147
19148
19148
19149
19149
19150
19154
19155
19155
19156
19156
19157
19158
19158
19159
19159
19160
19160
19160
19161
19161
19166
19169
19170
19170
19170
19173
19173
19177
19178
19178
19179
19183
19184
19186
19190
19190
19190
19191
19191
19193
19193
19196
19199
19199
19200
19200
19202
19202
19205
19208
19215
19218
19218
19219
19219
19221
19222
19224
19225
19227
19228
19230
19234
19234
19237
19237
19241
19241
19242
19243
19246
19247
19247
19249
19250
19252
19255
19256
19258
19259
19262
19262
19262
19265
19265
19265
19268
19268
19271
19271
19274
19274
19275
19277
19278
19278
19280
19281
19281
19281
19283
19284
19284
19287
19288
19288
19288
19290
19290
19291
19291
19293
19293
19294
19294
19295
19296
19297
19297
19297
19299
19300
19300
19300
19302
19303
19303
19312
19313
19313
19315
19318
19318
19321
19322
19325
19328
19328
19331
19331
19332
19332
19334
19335
19335
19338
19339
19339
19340
19341
19341
19342
19342
19343
19343
19344
19344
19345
19345
19345
19346
19347
19347
19350
19350
19351
19353
19354
19354
19354
19357
19357
19365
19366
19366
19367
19367
19368
19368
19369
19369
19370
19370
19371
19371
19372
19372
19372
19373
19379
19379
19380
19380
19381
19382
19383
19383
19384
19384
19384
19385
19385
19386
19386
19387
19387
19387
19388
19388
19389
19389
19395
19396
19396
19397
19397
19397
19398
19398
19399
19399
19399
19400
19400
19401
19402
19403
19403
19404
19404
19406
19407
19407
19408
19408
19409
19409
19410
19410
19411
19411
19412
19412
19412
19413
19414
19414
19415
19417
19417
19418
19418
19420
19421
19421
19421
19430
19433
19433
19434
19436
19437
19437
19438
19439
19446
19449
19450
19450
19452
19452
19453
19453
19455
19456
19456
19458
19459
19459
19461
19462
19462
19464
19468
19474
19474
19475
19475
19476
19476
19477
19478
19480
19484
19484
19485
19485
19487
19487
19488
19491
19492
19492
19495
19495
19496
19496
19499
19500
19500
19501
19502
19503
19503
19504
19510
19510
19513
19514
19514
19519
19520
19524
19527
19527
19530
19530
19531
19531
19532
19533
19534
19536
19537
19539
19540
19543
19543
19544
19544
19546
19546
19547
19547
19547
19549
19550
19550
19550
19552
19552
19553
19555
19558
19559
19559
19560
19561
19562
19562
19564
19565
19565
19566
19566
19568
19568
19569
19569
19571
19571
19571
19574
19575
19575
19577
19577
19580
19583
19584
19584
19586
19587
19587
19589
19590
19593
19594
19594
19596
19596
19597
19597
19599
19599
19602
19602
19603
19603
19604
19611
19611
19612
19612
19613
19613
19616
19616
19619
19619
19620
19620
19621
19621
19622
19622
19625
19626
19626
19627
19628
19639
19640
19643
19647
19647
19648
19654
19654
19657
19657
19658
19658
19659
19659
19660
19661
19664
19667
19667
19670
19671
19674
19677
19677
19680
19680
19681
19683
19683
19686
19686
19689
19690
19692
19693
19693
19694
19696
19696
19697
19697
19697
19699
19699
19700
19700
19701
19704
19704
19707
19707
19708
19710
19713
19713
19714
19714
19717
19718
19718
19719
19719
19719
19720
19721
19721
19722
19722
19723
19724
19724
19725
19725
19726
19727
19727
19727
19730
19730
19730
19738
19738
19739
19739
19740
19741
19742
19742
19743
19743
19744
19745
19747
19748
19751
19754
19754
19754
19755
19755
19757
19757
19758
19761
19761
19761
19762
19762
19763
19764
19765
19765
19766
19766
19768
19768
19768
19769
19769
19770
19770
19771
19774
19775
19778
19783
19784
19788
19791
19791
19792
19792
19798
19801
19802
19802
19802
19803
19803
19804
19805
19805
19806
19806
19807
19807
19809
19814
19814
19815
19817
19818
19820
19821
19821
19822
19822
19823
19823
19824
19824
19825
19827
19828
19828
19828
19829
19829
19835
19835
19836
19836
19837
19837
19840
19840
19841
19845
19848
19851
19851
19852
19852
19853
19853
19856
19860
19860
19861
19861
19861
19863
19863
19864
19864
19865
19866
19867
19867
19868
19868
19869
19870
19870
19871
19871
19871
19872
19872
19873
19873
19874
19874
19874
19875
19875
19876
19876
19877
19877
19877
19878
19878
19879
19879
19880
19880
19885
19888
19888
19889
19889
19890
19890
19891
19891
19891
19892
19892
19893
19893
19901
19904
19904
19905
19908
19909
19910
19910
19911
19911
19912
19912
19912
19913
19913
19919
19920
19920
19922
19923
19923
19924
19924
19925
19925
19926
19926
19926
19928
19929
19931
19932
19932
19932
19933
19933
19934
19934
19935
19935
19935
19936
19936
19937
19938
19941
19941
19942
19942
19943
19943
19944
19944
19945
19945
19945
19946
19947
19947
19948
19948
19949
19949
19950
19950
19951
19951
19951
19953
19954
19954
19957
19957
19957
19959
19962
19966
19966
19969
19969
19972
19972
19975
19975
19976
19976
19978
19979
19979
19979
19980
19981
19982
19982
19982
19983
19984
19985
19985
19986
19988
19988
19991
19991
19991
19994
19994
19995
19997
19997
19998
19998
19999
20000
20000
20001
20001
20003
20003
20004
20006
20007
20007
20010
20013
20014
20014
20016
20016
20017
20019
20019
20022
20022
20023
20025
20025
20026
20026
20027
20027
20028
20028
20032
20035
20035
20038
20041
20042
20042
20042
20043
20043
20045
20045
20045
20046
20046
20048
20048
20051
20052
20054
20055
20055
20056
20058
20058
20058
20059
20061
20061
20061
20062
20062
20063
20063
20064
20064
20064
20065
20065
20066
20066
20074
20074
20075
20075
20078
20081
20084
20089
20094
20094
20095
20095
20096
20096
20098
20101
20102
20102
20105
20106
20106
20107
20109
20109
20109
20110
20112
20112
20113
20115
20116
20118
20119
20121
20122
20125
20125
20126
20126
20128
20129
20129
20130
20131
20138
20139
20142
20142
20143
20143
20144
20144
20145
20145
20145
20146
20146
20147
20148
20148
20151
20152
20159
20159
20162
20165
20166
20166
20168
20172
20172
20173
20173
20173
20174
20174
20175
20175
20176
20184
20185
20185
20185
20186
20187
20188
20188
20189
20189
20190
20190
20191
20191
20192
20192
20193
20193
20193
20203
20210
20213
20219
20219
20222
20223
20225
20226
20227
20227
20227
20229
20233
20233
20234
20237
20246
20246
20247
20247
20248
20248
20248
20249
20249
20250
20250
20251
20251
20252
20252
20253
20253
20254
20256
20259
20262
20263
20263
20265
20266
20266
20267
20267
20268
20268
20270
20270
20271
20271
20272
20272
20273
20273
20274
20274
20277
20277
20280
20280
20281
20281
20283
20284
20284
20285
20285
20287
20287
20288
20288
20288
20289
20289
20290
20290
20290
20291
20291
20292
20292
20293
20293
20293
20294
20294
20295
20295
20296
20296
20296
20297
20297
20298
20299
20299
20300
20300
20300
20301
20301
20302
20302
20303
20303
20304
20304
20304
20305
20306
20306
20307
20307
20308
20309
20309
20310
20310
20311
20311
20312
20313
20313
20314
20314
20315
20315
20316
20317
20317
20318
20318
20318
20319
20319
20320
20320
20321
20321
20322
20322
20323
20323
20323
20324
20324
20325
20325
20326
20326
20327
20327
20328
20328
20328
20329
20329
20330
20330
20331
20331
20332
20333
20333
20334
20334
20334
20335
20335
20336
20336
20337
20337
20337
20338
20338
20339
20339
20340
20340
20341
20341
20341
20342
20342
20343
20343
20344
20344
20344
20345
20345
20346
20346
20347
20347
20347
20348
20348
20349
20349
20350
20350
20350
20351
20351
20352
20352
20353
20353
20353
20354
20354
20355
20355
20356
20356
20356
20357
20357
20358
20358
20361
20365
20366
20366
20366
20367
20367
20368
20368
20368
20369
20369
20370
20370
20371
20371
20371
20372
20372
20373
20373
20374
20374
20375
20375
20376
20376
20377
20377
20378
20378
20379
20379
20379
20380
20380
20381
20381
20382
20382
20382
20383
20383
20384
20384
20385
20385
20386
20386
20386
20387
20387
20388
20388
20389
20389
20389
20390
20390
20391
20391
20392
20392
20392
20393
20393
20394
20394
20395
20395
20395
20396
20396
20397
20397
20398
20398
20398
20399
20399
20400
20400
20401
20401
20401
20402
20402
20403
20403
20404
20404
20405
20405
20406
20406
20407
20407
20407
20408
20408
20409
20409
20410
20410
20411
20411
20412
20412
20412
20413
20413
20414
20414
20415
20415
20416
20416
20417
20417
20417
20418
20418
20419
20419
20420
20420
20420
20421
20421
20422
20422
20423
20423
20423
20424
20424
20425
20425
20426
20426
20427
20427
20427
20428
20428
20429
20429
20430
20430
20431
20431
20433
20434
20434
20435
20435
20436
20436
20437
20437
20437
20438
20438
20439
20439
20440
20440
20440
20441
20441
20443
20443
20444
20444
20446
20446
20447
20450
20450
20451
20451
20452
20452
20460
20461
20461
20464
20464
20464
20465
20465
20466
20466
20467
20467
20468
20468
20469
20469
20469
20470
20470
20471
20471
20472
20472
20472
20473
20473
20474
20474
20480
20481
20481
20481
20484
20485
20485
20485
20486
20486
20487
20487
20488
20488
20489
20489
20490
20490
20490
20493
20493
20494
20494
20496
20497
20497
20498
20498
20500
20500
20501
20501
20503
20503
20504
20504
20505
20512
20515
20515
20516
20516
20517
20517
20518
20518
20518
20519
20519
20520
20520
20521
20521
20522
20522
20528
20529
20529
20529
20530
20531
20532
20532
20533
20533
20533
20534
20534
20535
20535
20536
20536
20536
20537
20537
20538
20538
20539
20543
20543
20546
20547
20547
20547
20549
20552
20553
20553
20554
20554
20555
20555
20556
20556
20557
20557
20558
20558
20564
20564
20565
20567
20568
20568
20569
20569
20570
20570
20570
20571
20572
20572
20573
20573
20575
20576
20576
20577
20577
20578
20579
20579
20581
20588
20589
20589
20590
20590
20592
20592
20593
20593
20594
20594
20595
20597
20601
20601
20602
20602
20603
20611
20611
20612
20616
20617
20617
20617
20619
20627
20627
20628
20630
20633
20634
20634
20636
20637
20637
20646
20650
20651
20651
20651
20652
20652
20653
20653
20654
20654
20654
20656
20656
20657
20658
20663
20663
20664
20664
20667
20667
20668
20670
20671
20672
20672
20674
20674
20675
20677
20677
20678
20680
20681
20683
20690
20693
20694
20694
20698
20704
20704
20707
20708
20708
20709
20709
20710
20710
20711
20721
20724
20724
20725
20725
20725
20726
20726
20727
20727
20728
20728
20736
20737
20737
20738
20739
20739
20740
20741
20742
20744
20748
20751
20751
20754
20754
20755
20755
20757
20761
20762
20762
20763
20763
20764
20774
20778
20778
20781
20782
20782
20784
20785
20785
20787
20788
20797
20797
20800
20800
20801
20801
20802
20803
20811
20811
20812
20812
20812
20814
20814
20817
20818
20820
20821
20823
20831
20834
20837
20847
20847
20848
20850
20851
20851
20851
20853
20858
20859
20861
20864
20870
20875
20876
20878
20885
20886
20886
20886
20888
20891
20891
20894
20897
20901
20908
20908
20909
20909
20910
20911
20911
20914
20917
20925
20926
20926
20926
20927
20927
20928
20928
20931
20932
20932
20934
20949
20950
20959
20959
20960
20960
20961
20961
20961
20964
20975
20984
20987
20991
20996
21000
21004
21007
21010
21013
21016
21020
21023
21027
21027
21027
21030
21030
21033
21036
21037
21037
21038
21040
21043
21043
21049
21050
21050
21051
21051
21054
21055
21063
21063
21066
21066
21070
21070
21073
21076
21077
21077
21079
21082
21088
21092
21092
21093
21095
21098
21102
21111
21114
21122
21127
21130
21133
21134
21136
21137
21140
21140
21141
21143
21144
21144
21146
21146
21150
21150
21150
21152
21158
21170
21170
21173
21177
21177
21180
21181
21183
21186
21187
21191
21192
21195
21198
21199
21208
21209
21211
21214
21215
21215
21218
21219
21219
21221
21231
21235
21236
21238
21238
21242
21251
21251
21254
21263
21266
21267
21270
21270
21270
21271
21275
21278
21282
21287
21292
21296
21299
21302
21305
21306
21308
21312
21315
21315
21318
21319
21321
21322
21330
21330
21339
21345
21348
21351
21360
21360
21364
21366
21367
21369
21370
21373
21376
21376
21379
21387
21388
21388
21389
21389
21390
21393
21394
21396
21399
21402
21406
21409
21412
21413
21415
21418
21419
21423
21423
21434
21437
21440
21441
21441
21443
21443
21451
21451
21452
21454
21455
21457
21460
21463
21467
21470
21474
21477
21480
21485
21489
21489
21491
21494
21495
21498
21500
21504
21510
21511
21511
21513
21521
21521
21524
21524
21527
21535
21535
21536
21538
21546
21547
21547
21553
21553
21559
21559
21560
21569
21572
21572
21575
21578
21579
21581
21585
21585
21588
21588
21599
21599
21600
21602
21605
21609
21612
21619
21619
21625
21625
21626
21628
21638
21641
21644
21647
21656
21662
21665
21674
21674
21678
21682
21685
21689
21695
21695
21696
21698
21701
21702
21705
21705
21709
21712
21716
21719
21723
21727
21732
21734
21735
21737
21739
21741
21744
21747
21752
21756
21758
21761
21764
21765
21768
21771
21774
21775
21785
21788
21789
21789
21804
21806
21807
21808
21808
21809
21809
21810
21810
21811
21812
21816
21821
21824
21838
21838
21841
21842
21845
21852
21854
21855
21859
21874
21874
21875
21884
21886
21890
21890
21891
21893
21896
21899
21903
21907
21911
21911
21914
21919
21922
21925
21930
21942
21942
21945
21945
21949
21949
21951
21952
21955
21958
21961
21964
21967
21968
21970
21976
21978
21984
21987
21991
21994
21998
22007
22011
22011
22012
22015
22021
22033
22036
22042
22048
22052
22056
22060
22065
22069
22072
22081
22081
22085
22085
22095
22097
22100
22103
22106
22106
22109
22114
22114
22117
22120
22127
22130
22131
22136
22136
22142
22142
22146
22149
22154
22156
22160
22164
22167
22170
22175
22178
22181
22181
22184
22187
22191
22194
22197
22208
22212
22212
22213
22217
22217
22222
22225
22228
22238
22238
22241
22241
22244
22247
22257
22259
22267
22268
22271
22274
22279
22279
22285
22290
22290
22295
22298
22300
22301
22301
22302
22304
22311
22311
22314
22315
22317
22320
22321
22321
22324
22324
22328
22332
22334
22335
22337
22338
22341
22343
22346
22347
22350
22353
22354
22357
22360
22364
22367
22370
22375
22378
22380
22381
22382
22382
22383
22383
22392
22392
22393
22394
22395
22396
22396
22397
22397
22400
22403
22404
22404
22413
22413
22416
22417
22419
22422
22423
22426
22426
22427
22429
22429
22432
22435
22436
22439
22440
22440
22451
22454
22455
22455
22456
22456
22457
22457
22458
22463
22464
22464
22465
22466
22470
22472
22478
22481
22484
22487
22487
22490
22490
22493
22502
22503
22509
22509
22514
22518
22521
22524
22527
22541
22546
22550
22555
22558
22571
22572
22572
22580
22581
22581
22582
22582
22582
22583
22584
22587
22594
22594
22595
22595
22597
22598
22598
22601
22601
22605
22606
22608
22614
22617
22620
22624
22627
22631
22639
22642
22646
22648
22649
22651
22652
22654
22655
22657
22664
22665
22667
22669
22671
22674
22675
22685
22688
22696
22696
22697
22697
22698
22699
22700
22700
22701
22703
22704
22705
22707
22708
22710
22711
22713
22714
22716
22719
22720
22720
22721
22722
22723
22725
22726
22726
22728
22729
22732
22733
22735
22738
22738
22745
22745
22749
22749
22753
22753
22757
22760
22760
22761
22761
22763
22766
22767
22775
22778
22778
22779
22779
22787
22787
22790
22798
22801
22801
22804
22805
22815
22816
22816
22817
22817
22818
22819
22827
22832
22838
22839
22839
22840
22848
22848
22849
22855
22855
22856
22856
22857
22858
22858
22859
22861
22866
22869
22873
22879
22879
22885
22885
22886
22886
22887
22888
22888
22891
22892
22892
22901
22901
22902
22906
22909
22910
22910
22910
22912
22924
22925
22925
22926
22926
22929
22938
22939
22939
22943
22946
22951
22955
22964
22964
22965
22971
22977
22980
22981
22981
22990
22992
22994
22996
23003
23004
23006
23008
23009
23011
23012
23014
23017
23018
23022
23025
23028
23032
23033
23036
23038
23038
23041
23042
23044
23047
23048
23051
23051
23051
23055
23057
23058
23059
23060
23063
23066
23066
23069
23072
23073
23075
23076
23076
23078
23079
23079
23081
23082
23082
23083
23085
23085
23088
23088
23091
23096
23097
23098
23099
23099
23107
23107
23110
23110
23113
23113
23119
23119
23120
23122
23122
23131
23131
23134
23135
23145
23148
23151
23155
23157
23161
23161
23162
23165
23168
23176
23176
23179
23179
23189
23189
23192
23193
23195
23198
23199
23202
23208
23212
23212
23213
23213
23215
23232
23232
23233
23233
23237
23237
23238
23240
23243
23269
23269
23272
23272
23275
23281
23284
23287
23290
23293
23296
23304
23308
23312
23312
23313
23313
23315
23315
23327
23328
23330
23332
23333
23337
23339
23340
23341
23344
23346
23348
23349
23349
23351
23351
23354
23364
23365
23365
23365
23366
23367
23368
23368
23370
23373
23374
23374
23376
23379
23380
23383
23383
23386
23394
23397
23398
23398
23399
23408
23409
23412
23420
23421
23421
23421
23424
23424
23428
23430
23431
23434
23437
23440
23440
23443
23446
23449
23450
23452
23454
23456
23456
23459
23462
23462
23463
23463
23465
23465
23468
23469
23472
23475
23480
23481
23481
23484
23484
23487
23490
23491
23491
23494
23494
23496
23497
23498
23500
23500
23503
23503
23506
23509
23510
23512
23513
23515
23516
23518
23519
23521
23522
23522
23523
23524
23525
23528
23531
23531
23534
23534
23537
23538
23538
23541
23541
23542
23544
23544
23545
23545
23547
23548
23551
23552
23552
23555
23555
23556
23556
23557
23557
23558
23559
23559
23561
23562
23562
23565
23565
23566
23566
23568
23571
23572
23575
23578
23578
23581
23581
23582
23584
23587
23588
23595
23596
23596
23602
23605
23605
23608
23609
23609
23610
23611
23612
23612
23621
23621
23622
23622
23623
23624
23632
23635
23636
23636
23637
23639
23639
23643
23643
23644
23649
23652
23655
23655
23656
23656
23657
23657
23658
23659
23659
23668
23669
23669
23671
23672
23681
23682
23682
23683
23683
23683
23684
23684
23687
23690
23693
23693
23696
23697
23700
23700
23703
23706
23707
23707
23710
23710
23711
23713
23716
23717
23717
23720
23721
23723
23724
23724
23724
23726
23726
23729
23732
23733
23735
23736
23739
23739
23740
23742
23742
23745
23748
23751
23754
23755
23762
23762
23765
23768
23768
23771
23772
23772
23772
23773
23774
23780
23780
23781
23783
23783
23784
23784
23785
23785
23786
23786
23786
23787
23787
23793
23796
23797
23797
23798
23798
23799
23800
23802
23803
23803
23806
23806
23808
23809
23809
23811
23812
23819
23820
23820
23821
23824
23827
23827
23828
23828
23830
23834
23834
23834
23837
23837
23838
23838
23840
23841
23841
23845
23845
23846
23848
23848
23849
23851
23855
23855
23858
23859
23868
23868
23872
23872
23875
23876
23879
23879
23882
23882
23885
23885
23888
23893
23893
23896
23896
23899
23900
23900
23902
23903
23903
23904
23904
23914
23914
23915
23915
23916
23917
23918
23918
23918
23919
23919
23920
23920
23921
23921
23921
23923
23924
23927
23927
23927
23934
23934
23935
23935
23936
23936
23936
23940
23943
23944
23944
23945
23945
23945
23946
23946
23947
23947
23948
23948
23949
23949
23950
23950
23950
23951
23953
23954
23954
23955
23955
23955
23965
23969
23969
23970
23970
23971
23971
23973
23974
23976
23989
23992
23993
23993
23993
23994
23994
23995
23996
23999
24002
24002
24011
24011
24012
24012
24014
24014
24015
24017
24021
24022
24022
24024
24034
24034
24035
24035
24037
24037
24040
24041
24048
24049
24049
24050
24051
24051
24052
24052
24054
24057
24058
24060
24063
24067
24067
24070
24070
24073
24073
24076
24084
24084
24085
24085
24085
24087
24087
24090
24091
24091
24093
24094
24094
24103
24103
24104
24104
24105
24106
24107
24107
24107
24108
24108
24110
24111
24111
24112
24114
24122
24125
24125
24126
24132
24132
24135
24135
24136
24138
24139
24139
24141
24142
24145
24145
24146
24149
24149
24150
24150
24151
24152
24155
24158
24159
24162
24165
24166
24166
24168
24171
24172
24176
24179
24182
24185
24188
24189
24191
24195
24195
24205
24208
24208
24218
24218
24225
24226
24228
24238
24241
24241
24244
24247
24250
24254
24257
24260
24261
24263
24266
24267
24269
24272
24273
24276
24279
24282
24287
24287
24290
24294
24294
24295
24296
24297
24299
24300
24302
24303
24303
24305
24306
24309
24312
24315
24315
24316
24319
24322
24332
24332
24335
24338
24341
24344
24345
24347
24348
24350
24353
24357
24364
24364
24365
24365
24367
24370
24373
24379
24383
24391
24395
24400
24406
24409
24412
24415
24418
24421
24424
24430
24440
24440
24441
24441
24443
24446
24449
24452
24455
24461
24465
24465
24468
24468
24469
24471
24472
24474
24478
24481
24484
24484
24487
24487
24490
24491
24493
24494
24496
24497
24501
24509
24512
24515
24518
24519
24522
24527
24530
24540
24540
24541
24543
24543
24546
24546
24549
24552
24555
24556
24559
24562
24562
24565
24568
24569
24571
24572
24575
24578
24585
24588
24588
24589
24589
24591
24602
24605
24605
24614
24618
24618
24625
24628
24628
24629
24637
24641
24651
24654
24657
24658
24660
24664
24667
24667
24670
24673
24677
24677
24678
24680
24680
24684
24684
24692
24700
24704
24715
24716
24725
24725
24726
24728
24737
24743
24746
24749
24760
24765
24770
24771
24775
24778
24784
24787
24791
24796
24799
24802
24805
24808
24809
24810
24814
24817
24822
24825
24828
24828
24829
24831
24832
24834
24837
24838
24841
24841
24842
24852
24855
24856
24856
24856
24857
24857
24858
24861
24862
24870
24870
24874
24877
24877
24880
24881
24883
24884
24884
24886
24890
24890
24892
24896
24899
24899
24902
24905
24912
24916
24919
24919
24923
24923
24932
24932
24933
24933
24935
24938
24941
24946
24949
24952
24962
24965
24965
24966
24970
24970
24976
24988
24988
24989
24991
24994
24994
24998
25012
25015
25015
25016
25020
25024
25033
25036
25039
25042
25043
25043
25051
25056
25064
25064
25067
25073
25073
25076
25079
25083
25083
25084
25086
25089
25092
25095
25098
25101
25104
25108
25111
25122
25125
25125
25126
25128
25144
25144
25145
25150
25150
25153
25157
25157
25157
25157
25159
25164
25173
25177
25177
25184
25350
25350
25353
25353
25353
25354
25356
25356
25356
25359
25359
25362
25362
25365
25366
25369
25369
25372
25373
25380
25380
25380
25380
25390
25390
25390
25391
25391
25391
25393
25393
25396
25396
25399
25399
25400
25402
25403
25403
25403
25404
25405
25406
25406
25406
25409
25409
25410
25411
25412
25412
25413
25414
25415
25415
25416
25417
25417
25420
25421
25421
25422
25423
25423
25425
25425
25426
25427
25427
25428
25429
25429
25430
25437
25438
25438
25439
25440
25441
25442
25444
25448
25450
25452
25454
25454
25455
25456
25456
25457
25457
25458
25459
25459
25460
25461
25461
25462
25462
25463
25463
25464
25465
25465
25466
25467
25467
25468
25468
25469
25470
25471
25471
25472
25472
25473
25473
25474
25475
25475
25476
25477
25477
25479
25480
25480
25481
25481
25482
25483
25483
25484
25485
25486
25487
25487
25488
25489
25490
25491
25491
25492
25493
25494
25494
25495
25497
25497
25498
25498
25499
25500
25501
25501
25502
25504
25504
25511
25511
25512
25512
25517
25518
25518
25519
25521
25522
25522
25523
25523
25524
25524
25525
25525
25526
25531
25531
25532
25535
25536
25537
25537
25537
25538
25538
25539
25539
25540
25540
25540
25541
25541
25542
25542
25542
25543
25543
25544
25545
25552
25556
25556
25557
25557
25558
25558
25558
25559
25559
25560
25560
25561
25566
25568
25569
25569
25570
25571
25571
25572
25572
25573
25573
25574
25574
25574
25575
25575
25576
25577
25577
25578
25578
25579
25579
25580
25580
25581
25581
25582
25583
25583
25584
25584
25587
25588
25590
25592
25593
25593
25594
25594
25595
25595
25596
25596
25599
25600
25600
25601
25601
25602
25602
25603
25603
25604
25605
25605
25608
25608
25609
25609
25611
25612
25614
25616
25618
25620
25621
25622
25622
25623
25623
25629
25633
25633
25633
25634
25634
25635
25635
25636
25636
25637
25637
25642
25642
25643
25644
25644
25644
25645
25645
25648
25649
25649
25650
25650
25651
25651
25651
25652
25654
25655
25663
25666
25667
25667
25668
25668
25669
25669
25670
25670
25673
25673
25673
25675
25676
25676
25677
25679
25680
25681
25682
25682
25686
25687
25687
25688
25691
25692
25692
25693
25693
25694
25694
25695
25695
25696
25696
25702
25705
25705
25706
25710
25711
25713
25714
25714
25715
25715
25715
25716
25717
25717
25718
25719
25727
25727
25728
25728
25728
25729
25748
25770
25797
25808
25808
25809
25813
25813
25814
25817
25817
25823
25824
25824
25824
25826
25827
25829
25833
25833
25834
25834
25836
25837
25837
25839
25840
25840
25843
25843
25846
25847
25847
25847
25848
25850
25850
25851
25854
25854
25855
25855
25855
25856
25856
25857
25857
25863
25863
25866
25867
25867
25868
25868
25869
25870
25870
25871
25871
25872
25872
25872
25883
25884
25887
25899
25938
25949
25965
25965
25965
25965
25966
25966
25969
26006
26043
26090
26115
26119
26119
26123
26127
26130
26131
26131
26137
26140
26147
26147
26150
26160
26163
26166
26169
26172
26173
26173
26174
26175
26176
26178
26182
26182
26182
26183
26185
26188
26188
26189
26189
26190
26190
26191
26194
26194
26195
26197
26198
26198
26198
26199
26200
26201
26201
26201
26202
26202
