0
3
7
13
16
26
27
27
28
28
29
29
30
30
31
31
32
33
33
40
41
41
42
43
44
46
47
53
53
54
60
63
63
66
66
67
68
68
69
69
73
73
74
77
77
78
79
79
80
80
81
81
84
87
98
98
101
102
102
103
103
104
132
133
134
134
135
135
136
137
138
138
139
140
140
141
142
142
143
144
144
145
148
148
149
150
151
157
158
159
160
161
164
168
176
177
178
179
180
187
188
188
189
190
190
191
192
192
196
196
197
217
218
219
219
220
221
221
222
223
223
224
225
225
226
226
227
228
228
229
229
230
231
231
232
232
233
234
234
235
236
243
246
247
247
248
248
249
250
253
253
256
261
264
267
267
268
268
268
270
270
271
273
274
274
274
276
277
277
285
288
288
289
289
289
290
290
291
291
292
292
292
293
294
294
295
295
297
298
300
301
303
304
304
305
305
306
306
307
307
308
308
309
309
309
310
310
311
311
312
312
313
313
315
315
316
316
316
317
319
320
326
326
327
329
330
331
331
331
332
332
333
333
334
334
334
335
335
339
339
340
343
343
344
346
346
347
347
348
348
348
349
349
350
350
351
352
352
353
355
356
356
358
359
359
359
359
360
360
360
360
360
363
363
363
363
363
366
366
366
367
367
369
370
370
370
370
373
374
374
376
376
377
377
379
379
380
380
380
380
382
383
383
383
383
383
384
384
384
386
386
386
386
386
386
389
389
389
389
390
390
390
392
392
392
400
400
400
401
403
403
403
403
404
404
404
405
405
406
406
406
409
409
410
410
410
411
412
412
413
413
415
416
416
416
416
417
418
419
422
423
423
424
424
435
436
436
437
438
439
439
440
441
442
442
443
462
463
464
466
467
468
468
469
470
471
472
472
473
474
475
475
476
477
478
479
480
480
481
481
482
482
483
484
484
485
485
486
487
487
488
488
489
489
490
490
491
491
492
493
493
494
495
495
496
496
497
498
498
499
499
499
500
501
501
502
502
503
503
504
504
505
505
506
506
507
507
508
509
509
510
510
511
511
512
512
513
513
514
515
515
515
516
516
517
517
518
518
519
520
520
520
521
522
522
523
528
529
529
530
530
531
532
532
533
533
534
541
541
544
545
545
545
546
547
548
548
549
549
550
550
551
551
552
552
553
554
554
555
555
556
557
557
558
559
559
560
560
561
562
562
563
564
564
565
565
566
566
567
568
568
569
569
570
571
572
572
573
573
574
575
575
576
597
598
599
599
600
601
601
602
603
604
605
605
606
606
607
608
608
609
611
612
612
613
614
614
615
616
616
617
617
618
619
620
620
621
621
622
623
624
624
625
625
626
627
628
628
629
630
631
632
632
633
634
634
635
636
636
637
638
638
639
640
640
641
642
642
643
644
644
645
646
646
652
653
654
655
655
656
657
661
662
663
664
664
665
666
667
667
668
669
670
671
671
672
672
673
676
677
678
678
679
680
681
681
682
683
684
685
686
686
687
694
695
695
700
701
702
703
704
707
708
708
712
712
724
725
725
726
726
727
728
730
730
737
737
742
745
745
745
746
746
755
758
759
759
760
760
760
761
764
767
770
771
771
774
774
775
777
777
780
787
791
791
794
795
795
798
798
801
809
809
810
810
812
813
815
819
819
822
822
825
825
826
828
829
831
832
832
835
835
838
841
842
842
845
845
845
848
851
851
852
854
855
857
859
859
862
862
863
865
868
869
877
878
881
884
885
885
886
886
888
892
892
895
898
899
899
902
906
909
912
917
919
919
922
923
923
927
929
929
933
933
937
941
944
945
948
950
950
953
953
954
962
962
963
964
964
965
965
969
970
972
981
981
982
983
984
985
985
988
988
997
998
998
999
1000
1001
1001
1001
1003
1016
1017
1017
1018
1018
1020
1023
1024
1024
1026
1026
1027
1027
1031
1035
1037
1038
1041
1041
1043
1044
1047
1050
1051
1053
1054
1055
1058
1059
1059
1060
1061
1063
1063
1078
1078
1079
1079
1080
1081
1081
1082
1083
1083
1085
1086
1087
1087
1117
1118
1119
1119
1120
1121
1121
1122
1123
1123
1124
1125
1125
1126
1126
1127
1128
1128
1129
1130
1130
1132
1132
1140
1141
1142
1143
1144
1144
1145
1146
1147
1148
1149
1149
1150
1151
1151
1152
1153
1154
1154
1155
1156
1159
1163
1164
1166
1167
1168
1169
1170
1171
1173
1174
1174
1175
1176
1176
1177
1178
1179
1179
1180
1181
1181
1182
1182
1183
1184
1184
1185
1186
1189
1189
1190
1190
1191
1192
1192
1193
1193
1194
1195
1195
1196
1196
1197
1198
1198
1199
1200
1200
1201
1202
1202
1209
1209
1210
1210
1211
1211
1212
1212
1213
1215
1215
1218
1219
1227
1227
1228
1230
1231
1233
1234
1234
1236
1237
1238
1238
1239
1240
1240
1240
1244
1248
1249
1252
1256
1256
1259
1262
1263
1265
1266
1266
1267
1268
1269
1269
1271
1272
1272
1279
1279
1280
1282
1285
1286
1288
1289
1289
1289
1290
1290
1296
1299
1302
1302
1305
1309
1309
1309
1312
1312
1313
1313
1314
1314
1314
1315
1315
1316
1316
1317
1318
1319
1325
1326
1326
1327
1327
1328
1328
1329
1329
1332
1332
1332
1335
1335
1339
1339
1342
1342
1343
1343
1344
1347
1347
1348
1349
1349
1349
1350
1351
1351
1354
1354
1355
1355
1357
1357
1358
1358
1359
1360
1360
1361
1361
1361
1362
1363
1363
1371
1371
1372
1374
1377
1382
1382
1383
1383
1384
1384
1385
1385
1385
1386
1387
1387
1388
1388
1389
1390
1390
1391
1392
1392
1393
1393
1394
1394
1395
1396
1396
1397
1397
1398
1398
1399
1399
1401
1402
1404
1405
1408
1408
1409
1409
1411
1411
1422
1423
1423
1424
1424
1425
1425
1426
1426
1427
1428
1429
1429
1430
1430
1431
1431
1432
1432
1433
1440
1443
1444
1444
1445
1446
1447
1447
1448
1448
1450
1450
1451
1453
1454
1457
1460
1463
1464
1466
1467
1468
1469
1470
1473
1474
1476
1476
1479
1479
1483
1483
1486
1489
1490
1490
1492
1495
1518
1519
1519
1520
1520
1521
1522
1522
1523
1524
1524
1525
1525
1526
1527
1527
1528
1528
1529
1529
1530
1531
1531
1532
1532
1533
1534
1535
1536
1537
1538
1539
1539
1540
1541
1542
1543
1544
1545
1546
1546
1547
1548
1549
1551
1552
1553
1554
1555
1556
1557
1558
1558
1559
1560
1564
1565
1566
1567
1567
1568
1569
1581
1581
1582
1584
1586
1590
1596
1605
1606
1606
1607
1608
1609
1611
1615
1620
1623
1623
1627
1628
1631
1631
1637
1638
1640
1647
1649
1650
1653
1656
1659
1671
1671
1672
1673
1682
1682
1683
1684
1685
1690
1693
1693
1699
1701
1704
1709
1712
1712
1715
1718
1719
1721
1722
1722
1724
1735
1735
1736
1736
1737
1738
1738
1741
1741
1744
1747
1748
1750
1754
1754
1754
1758
1758
1765
1770
1771
1772
1772
1773
1773
1774
1776
1776
1778
1781
1789
1789
1790
1793
1793
1793
1796
1796
1807
1807
1808
1808
1814
1815
1816
1816
1817
1817
1822
1826
1828
1829
1831
1836
1839
1839
1840
1840
1842
1845
1846
1846
1854
1857
1861
1862
1862
1862
1863
1864
1864
1866
1867
1867
1869
1873
1873
1876
1876
1879
1888
1889
1891
1892
1892
1895
1896
1901
1901
1902
1902
1903
1905
1905
1908
1909
1915
1915
1916
1918
1918
1919
1921
1926
1926
1936
1937
1937
1938
1938
1939
1939
1940
1941
1941
1942
1942
1951
1951
1952
1952
1953
1954
1954
1955
1955
1956
1957
1958
1958
1959
1960
1961
1962
1962
1963
1964
1964
1965
1965
1966
1967
1968
1968
1969
1969
1981
1981
1982
1983
1986
1989
1990
1992
1993
1993
1994
1995
1995
1996
1997
1997
1998
1999
2000
2001
2001
2002
2003
2009
2010
2012
2012
2017
2018
2020
2023
2026
2035
2038
2041
2042
2044
2045
2053
2058
2059
2059
2060
2061
2062
2063
2064
2067
2068
2069
2081
2081
2082
2083
2083
2088
2088
2098
2098
2101
2102
2102
2103
2104
2105
2106
2107
2108
2109
2109
2111
2112
2112
2113
2114
2114
2115
2126
2127
2128
2128
2129
2130
2132
2133
2134
2134
2135
2136
2137
2138
2139
2142
2146
2149
2150
2151
2152
2153
2159
2160
2160
2161
2162
2162
2166
2171
2172
2173
2174
2175
2178
2184
2185
2185
2186
2187
2188
2188
2190
2191
2194
2201
2202
2202
2204
2208
2211
2211
2212
2212
2213
2216
2216
2219
2219
2222
2225
2225
2226
2228
2231
2235
2235
2236
2238
2238
2241
2241
2244
2244
2248
2251
2254
2262
2262
2263
2263
2265
2265
2266
2269
2270
2270
2271
2271
2273
2273
2274
2276
2279
2280
2280
2280
2282
2283
2283
2286
2286
2287
2287
2288
2296
2296
2297
2297
2297
2304
2305
2308
2308
2309
2309
2309
2310
2311
2312
2312
2316
2316
2320
2321
2321
2323
2326
2327
2330
2331
2331
2331
2339
2339
2340
2342
2342
2343
2343
2344
2346
2346
2348
2349
2349
2350
2350
2351
2352
2352
2361
2361
2361
2368
2368
2369
2372
2372
2373
2373
2377
2383
2386
2387
2388
2389
2389
2390
2391
2391
2392
2393
2395
2396
2396
2397
2399
2402
2402
2403
2405
2412
2413
2413
2413
2418
2418
2419
2419
2420
2421
2421
2424
2425
2428
2428
2431
2431
2432
2434
2434
2442
2447
2448
2449
2449
2450
2450
2451
2454
2457
2458
2458
2459
2460
2461
2463
2464
2471
2472
2473
2474
2475
2476
2478
2478
2479
2479
2479
2480
2481
2481
2489
2489
2492
2492
2495
2503
2504
2505
2506
2506
2516
2517
2520
2523
2523
2524
2526
2526
2527
2528
2530
2531
2534
2537
2541
2546
2550
2554
2562
2563
2564
2564
2575
2575
2576
2577
2582
2582
2588
2591
2596
2596
2597
2601
2617
2618
2619
2619
2625
2625
2626
2627
2627
2628
2628
2629
2631
2634
2635
2635
2637
2641
2651
2651
2652
2653
2653
2654
2664
2668
2668
2669
2671
2675
2678
2686
2686
2687
2689
2689
2690
2690
2691
2691
2692
2693
2696
2696
2699
2700
2700
2701
2702
2702
2703
2703
2704
2705
2705
2706
2706
2708
2708
2709
2711
2711
2714
2714
2715
2722
2722
2722
2725
2726
2726
2726
2727
2727
2728
2728
2728
2729
2729
2730
2730
2736
2736
2737
2740
2740
2741
2741
2741
2742
2743
2743
2743
2745
2749
2750
2751
2752
2760
2760
2761
2763
2763
2764
2764
2765
2765
2765
2766
2769
2769
2772
2772
2772
2775
2775
2776
2778
2778
2779
2779
2783
2783
2784
2784
2784
2786
2786
2787
2790
2790
2791
2791
2792
2792
2792
2793
2793
2797
2800
2800
2800
2807
2808
2811
2811
2811
2812
2812
2813
2814
2814
2817
2818
2820
2821
2821
2821
2822
2823
2833
2833
2834
2840
2840
2841
2844
2844
2845
2845
2847
2848
2848
2854
2857
2857
2858
2858
2859
2860
2860
2863
2867
2868
2868
2870
2870
2873
2873
2874
2876
2877
2880
2880
2883
2883
2884
2884
2886
2886
2887
2888
2888
2889
2890
2890
2891
2891
2892
2892
2893
2894
2894
2895
2895
2896
2896
2898
2898
2899
2899
2900
2900
2901
2902
2902
2903
2903
2905
2905
2906
2906
2907
2907
2909
2910
2910
2911
2911
2912
2912
2913
2925
2926
2926
2927
2927
2928
2928
2929
2929
2930
2931
2931
2932
2934
2934
2935
2935
2936
2937
2938
2938
2939
2940
2941
2941
2942
2943
2949
2952
2952
2953
2953
2954
2954
2955
2956
2956
2957
2958
2959
2959
2960
2964
2965
2966
2966
2967
2968
2969
2969
2970
2982
2983
2984
2984
2985
3020
3021
3022
3022
3023
3024
3024
3025
3026
3026
3027
3028
3028
3029
3030
3031
3031
3032
3033
3033
3034
3035
3035
3071
3071
3072
3073
3073
3074
3074
3075
3076
3076
3077
3077
3078
3079
3079
3080
3080
3081
3082
3082
3083
3084
3090
3091
3091
3092
3095
3095
3098
3098
3099
3107
3111
3114
3114
3118
3119
3122
3122
3124
3125
3127
3128
3131
3132
3135
3138
3139
3139
3142
3145
3149
3157
3157
3158
3158
3158
3159
3163
3163
3164
3164
3166
3169
3172
3172
3173
3173
3184
3184
3184
3185
3185
3187
3187
3190
3193
3193
3194
3197
3197
3208
3208
3211
3211
3211
3214
3223
3227
3230
3233
3233
3234
3234
3235
3236
3236
3237
3237
3239
3242
3252
3252
3253
3257
3262
3262
3263
3266
3266
3267
3267
3269
3269
3272
3275
3276
3278
3281
3282
3286
3289
3289
3299
3299
3300
3303
3303
3306
3306
3311
3312
3314
3317
3325
3329
3329
3332
3332
3335
3336
3338
3348
3348
3349
3349
3350
3350
3354
3354
3355
3357
3364
3364
3365
3365
3367
3368
3370
3373
3374
3376
3377
3377
3378
3380
3388
3388
3389
3390
3390
3393
3393
3394
3395
3399
3399
3402
3411
3411
3417
3418
3421
3422
3422
3423
3448
3448
3449
3450
3451
3451
3452
3453
3453
3454
3455
3461
3461
3462
3462
3463
3463
3464
3465
3466
3467
3468
3471
3472
3473
3474
3474
3475
3477
3477
3478
3479
3479
3482
3484
3485
3488
3488
3491
3491
3492
3500
3501
3501
3502
3509
3510
3510
3512
3513
3517
3518
3519
3521
3524
3524
3525
3525
3526
3527
3527
3528
3528
3537
3537
3538
3538
3538
3540
3540
3543
3543
3546
3549
3550
3553
3553
3554
3554
3560
3564
3564
3564
3565
3565
3573
3576
3579
3579
3583
3586
3589
3589
3590
3593
3596
3599
3602
3605
3609
3609
3612
3615
3615
3616
3624
3628
3628
3636
3636
3641
3645
3646
3647
3647
3650
3653
3662
3662
3663
3674
3681
3682
3682
3683
3683
3690
3690
3693
3694
3696
3697
3697
3699
3700
3707
3712
3713
3713
3714
3714
3720
3720
3723
3724
3724
3725
3725
3727
3728
3728
3728
3729
3730
3731
3734
3734
3735
3735
3736
3736
3737
3737
3738
3740
3741
3741
3743
3744
3747
3755
3758
3759
3759
3759
3760
3760
3761
3762
3765
3766
3766
3767
3768
3771
3771
3774
3775
3775
3775
3776
3785
3785
3786
3787
3787
3794
3797
3798
3798
3799
3800
3800
3801
3801
3804
3804
3805
3808
3808
3811
3820
3821
3821
3824
3828
3831
3839
3840
3841
3842
3846
3847
3847
3848
3855
3855
3897
3898
3899
3899
3900
3901
3901
3902
3903
3903
3904
3905
3905
3906
3906
3907
3908
3908
3909
3909
3910
3924
3925
3926
3926
3927
3927
3928
3929
3929
3930
3931
3931
3947
3948
3949
3949
3949
3950
3951
3954
3955
3955
3955
3957
3958
3958
3960
3963
3964
3967
3968
3968
3970
3971
3991
3992
3992
3993
3994
3994
3995
3996
3996
3997
3997
4000
4000
4001
4002
4002
4011
4011
4012
4012
4014
4018
4018
4021
4024
4025
4031
4031
4032
4032
4033
4034
4035
4035
4038
4038
4039
4039
4041
4041
4044
4048
4049
4049
4050
4051
4054
4055
4055
4058
4058
4061
4061
4062
4062
4064
4067
4068
4068
4082
4082
4083
4083
4084
4084
4085
4085
4086
4086
4087
4087
4088
4094
4097
4097
4098
4098
4099
4099
4100
4101
4105
4106
4106
4107
4109
4110
4111
4111
4111
4112
4113
4113
4114
4115
4119
4119
4119
4122
4130
4131
4131
4133
4133
4141
4141
4142
4142
4143
4144
4144
4145
4147
4157
4160
4160
4161
4163
4163
4164
4166
4167
4168
4174
4174
4175
4175
4177
4181
4181
4189
4189
4193
4193
4194
4196
4196
4200
4204
4204
4206
4207
4209
4212
4213
4215
4218
4222
4222
4224
4225
4228
4236
4239
4240
4242
4243
4245
4245
4248
4249
4251
4252
4254
4255
4255
4256
4258
4258
4259
4261
4261
4262
4262
4264
4264
4265
4267
4278
4278
4279
4283
4287
4287
4288
4288
4289
4289
4290
4293
4294
4296
4301
4306
4310
4317
4318
4319
4324
4325
4326
4327
4331
4336
4346
4366
4366
4367
4368
4369
4369
4370
4370
4373
4394
4395
4396
4396
4397
4398
4399
4399
4400
4401
4402
4402
4403
4404
4405
4405
4416
4417
4421
4421
4426
4441
4442
4442
4443
4444
4444
4445
4446
4446
4447
4447
4448
4449
4449
4453
4454
4454
4455
4455
4456
4456
4459
4463
4464
4464
4464
4465
4466
4469
4469
4469
4472
4472
4475
4475
4476
4476
4477
4478
4481
4481
4484
4487
4488
4490
4491
4495
4495
4498
4502
4502
4506
4510
4515
4515
4518
4518
4525
4525
4535
4538
4541
4545
4545
4547
4550
4558
4558
4558
4561
4565
4568
4571
4575
4578
4579
4591
4594
4599
4599
4610
4610
4611
4613
4613
4623
4623
4624
4628
4628
4629
4631
4631
4643
4646
4646
4647
4648
4648
4648
4654
4654
4657
4669
4670
4671
4676
4676
4682
4685
4686
4688
4688
4689
4689
4704
4707
4708
4713
4716
4719
4722
4723
4725
4728
4729
4729
4741
4745
4745
4746
4748
4757
4758
4758
4758
4760
4761
4763
4766
4769
4773
4776
4780
4782
4783
4801
4802
4802
4803
4804
4805
4805
4806
4811
4811
4812
4815
4820
4821
4857
4858
4858
4859
4860
4860
4861
4862
4863
4863
4864
4865
4865
4871
4872
4873
4884
4891
4892
4892
4894
4895
4896
4899
4904
4905
4911
4916
4921
4921
4922
4925
4928
4929
4931
4945
4945
4946
4947
4947
4952
4955
4958
4961
4964
4971
4977
4977
4980
4980
4983
4988
4988
4991
4994
4994
4997
5004
5004
5007
5008
5010
5011
5014
5014
5015
5015
5025
5025
5027
5028
5028
5030
5031
5031
5032
5032
5032
5033
5033
5034
5034
5040
5040
5041
5041
5042
5042
5043
5043
5044
5044
5046
5046
5049
5050
5052
5061
5061
5064
5064
5067
5067
5068
5068
5069
5069
5069
5070
5070
5078
5079
5079
5084
5084
5087
5088
5088
5088
5089
5089
5090
5095
5095
5098
5099
5099
5099
5100
5100
5101
5101
5102
5104
5105
5105
5106
5107
5108
5111
5115
5115
5116
5117
5117
5118
5118
5119
5120
5120
5121
5121
5122
5122
5123
5124
5124
5125
5125
5126
5126
5127
5127
5128
5128
5128
5129
5129
5130
5130
5131
5131
5132
5132
5133
5134
5134
5135
5135
5143
5144
5144
5145
5145
5145
5146
5146
5147
5148
5148
5151
5152
5152
5153
5153
5154
5154
5155
5158
5158
5159
5160
5160
5161
5162
5162
5162
5163
5163
5164
5165
5165
5166
5166
5166
5167
5171
5171
5172
5174
5175
5175
5176
5176
5177
5177
5178
5179
5179
5180
5180
5181
5183
5183
5184
5184
5185
5185
5186
5186
5187
5187
5188
5188
5189
5189
5190
5190
5191
5191
5193
5193
5194
5194
5195
5196
5196
5197
5204
5205
5206
5209
5209
5210
5211
5211
5211
5212
5212
5213
5214
5214
5214
5215
5215
5216
5216
5217
5217
5223
5224
5224
5225
5225
5226
5227
5227
5228
5228
5229
5229
5230
5230
5231
5231
5232
5232
5233
5233
5234
5234
5235
5235
5236
5236
5237
5237
5238
5238
5238
5239
5239
5240
5241
5241
5242
5242
5243
5243
5244
5244
5245
5246
5246
5247
5247
5248
5248
5249
5249
5250
5250
5251
5251
5252
5252
5253
5253
5256
5257
5257
5258
5259
5259
5260
5261
5262
5262
5263
5264
5265
5265
5266
5267
5267
5268
5268
5269
5270
5270
5271
5272
5272
5273
5274
5275
5275
5276
5277
5278
5278
5279
5280
5281
5281
5282
5283
5284
5284
5285
5286
5286
5287
5288
5289
5289
5290
5291
5291
5292
5293
5294
5294
5295
5296
5297
5297
5298
5299
5300
5300
5301
5302
5302
5303
5304
5305
5305
5306
5307
5307
5308
5309
5309
5310
5310
5311
5312
5312
5313
5314
5315
5315
5316
5317
5318
5319
5319
5320
5320
5321
5322
5322
5323
5325
5325
5326
5327
5328
5328
5329
5330
5330
5331
5332
5332
5333
5335
5336
5337
5338
5338
5339
5340
5341
5341
5342
5343
5343
5344
5345
5345
5346
5347
5347
5348
5349
5349
5350
5351
5351
5352
5353
5353
5354
5354
5355
5355
5356
5356
5357
5358
5359
5360
5361
5361
5362
5363
5364
5365
5366
5366
5367
5368
5368
5369
5370
5370
5371
5372
5373
5374
5375
5375
5376
5377
5378
5378
5379
5380
5380
5381
5382
5382
5383
5384
5384
5385
5386
5386
5387
5388
5388
5389
5390
5390
5391
5391
5392
5393
5393
5394
5395
5396
5397
5398
5399
5399
5400
5401
5401
5402
5403
5404
5404
5405
5405
5406
5407
5408
5408
5409
5410
5410
5411
5412
5413
5413
5414
5415
5416
5416
5417
5419
5421
5423
5425
5426
5426
5427
5428
5428
5429
5429
5430
5431
5431
5432
5432
5433
5434
5435
5435
5436
5437
5438
5438
5439
5440
5442
5443
5445
5446
5448
5449
5451
5452
5454
5455
5457
5458
5460
5461
5462
5462
5463
5463
5464
5465
5465
5466
5466
5467
5467
5468
5468
5469
5469
5470
5471
5471
5472
5472
5473
5473
5474
5474
5475
5475
5476
5476
5477
5477
5478
5479
5479
5480
5480
5481
5482
5482
5483
5483
5484
5484
5485
5485
5485
5486
5486
5487
5487
5488
5488
5489
5489
5490
5490
5491
5491
5492
5492
5493
5494
5494
5495
5496
5498
5499
5501
5503
5503
5504
5504
5505
5505
5506
5506
5506
5507
5508
5508
5509
5509
5510
5510
5511
5511
5512
5512
5513
5513
5514
5514
5515
5515
5516
5516
5517
5517
5518
5518
5519
5520
5520
5521
5521
5522
5522
5523
5523
5524
5524
5525
5525
5526
5526
5527
5527
5528
5528
5528
5529
5529
5530
5530
5531
5531
5532
5532
5533
5533
5534
5534
5535
5535
5536
5536
5537
5538
5538
5539
5540
5540
5541
5541
5542
5543
5543
5544
5544
5545
5545
5546
5546
5547
5547
5548
5548
5549
5549
5550
5550
5551
5551
5552
5552
5553
5553
5554
5555
5555
5556
5556
5557
5557
5558
5558
5559
5559
5560
5560
5561
5561
5562
5562
5563
5563
5564
5564
5565
5565
5568
5569
5570
5570
5571
5572
5573
5573
5574
5575
5575
5576
5577
5578
5579
5580
5580
5581
5582
5584
5585
5586
5587
5587
5588
5589
5589
5590
5591
5591
5592
5592
5593
5594
5594
5595
5596
5597
5597
5598
5599
5599
5600
5600
5601
5601
5602
5602
5603
5603
5604
5605
5605
5606
5607
5607
5608
5609
5609
5610
5611
5612
5613
5613
5614
5614
5615
5615
5616
5616
5617
5617
5618
5619
5619
5619
5620
5622
5623
5624
5624
5625
5625
5626
5626
5627
5628
5628
5629
5629
5629
5630
5632
5633
5633
5634
5635
5635
5636
5636
5637
5638
5638
5639
5639
5640
5641
5641
5642
5642
5643
5644
5644
5645
5645
5646
5647
5647
5648
5648
5649
5649
5650
5651
5651
5652
5652
5653
5654
5654
5655
5655
5656
5656
5659
5659
5660
5661
5661
5662
5662
5663
5663
5664
5664
5665
5665
5666
5666
5667
5668
5668
5669
5669
5670
5672
5673
5673
5674
5675
5675
5676
5676
5677
5678
5678
5679
5679
5680
5680
5681
5681
5682
5682
5683
5684
5684
5685
5686
5687
5688
5690
5691
5691
5692
5693
5693
5694
5694
5695
5696
5696
5697
5698
5698
5699
5700
5701
5702
5702
5703
5704
5704
5705
5706
5707
5708
5708
5713
5714
5715
5716
5716
5717
5718
5718
5719
5720
5721
5721
5722
5724
5724
5725
5726
5726
5727
5728
5728
5729
5729
5730
5731
5732
5732
5733
5734
5735
5735
5736
5737
5738
5739
5740
5741
5742
5742
5743
5744
5744
5745
5746
5746
5747
5748
5749
5749
5750
5751
5751
5752
5753
5754
5754
5755
5756
5757
5758
5758
5759
5760
5760
5761
5761
5762
5763
5763
5764
5765
5765
5766
5767
5768
5768
5770
5770
5771
5772
5774
5774
5775
5775
5776
5777
5777
5778
5778
5779
5780
5780
5781
5782
5782
5783
5784
5784
5785
5786
5786
5787
5788
5788
5789
5790
5790
5791
5792
5792
5793
5794
5795
5795
5796
5797
5797
5798
5798
5799
5799
5800
5800
5801
5802
5802
5803
5803
5804
5805
5805
5806
5806
5807
5808
5808
5809
5810
5810
5811
5811
5812
5813
5813
5814
5814
5815
5816
5816
5817
5818
5818
5819
5819
5820
5820
5821
5822
5822
5823
5823
5824
5825
5825
5826
5826
5827
5827
5828
5828
5829
5830
5830
5831
5831
5832
5833
5834
5834
5835
5836
5836
5837
5838
5838
5839
5839
5840
5840
5841
5841
5842
5842
5843
5843
5844
5844
5845
5846
5846
5846
5847
5847
5848
5848
5849
5849
5850
5850
5851
5851
5852
5852
5852
5853
5853
5854
5854
5855
5855
5855
5856
5856
5857
5857
5858
5858
5858
5859
5859
5860
5860
5861
5861
5861
5862
5862
5863
5863
5864
5864
5864
5865
5865
5866
5866
5867
5867
5867
5868
5868
5869
5869
5870
5870
5870
5871
5871
5872
5872
5873
5873
5873
5874
5874
5875
5875
5876
5876
5876
5877
5877
5878
5878
5879
5879
5880
5880
5880
5881
5881
5882
5882
5882
5883
5883
5884
5884
5885
5885
5885
5886
5886
5887
5887
5888
5888
5888
5889
5889
5890
5890
5890
5891
5891
5892
5892
5892
5893
5893
5894
5894
5895
5895
5895
5896
5896
5897
5897
5898
5898
5898
5899
5899
5900
5900
5901
5901
5901
5902
5902
5903
5903
5903
5904
5904
5905
5905
5905
5906
5906
5907
5907
5908
5908
5909
5909
5910
5910
5911
5911
5911
5912
5912
5913
5913
5914
5914
5915
5917
5918
5918
5918
5919
5919
5920
5921
5921
5921
5922
5923
5924
5924
5925
5926
5927
5927
5929
5930
5930
5931
5931
5934
5944
5944
5944
5945
5945
5946
5946
5947
5947
5948
5948
5949
5949
5952
5953
5955
5958
5959
5959
5962
5962
5965
5965
5968
5968
5969
5969
5969
5971
5971
5974
5974
5975
5975
5976
5976
5977
5977
5978
5978
5979
5979
5980
5981
5981
5982
5982
5983
5983
5984
5984
5984
5985
5985
5986
5986
5987
5987
5988
5989
5989
5990
5990
5991
5992
5992
5993
5993
5994
5994
5995
5996
5996
5997
5999
6000
6000
6001
6001
6002
6002
6003
6003
6004
6004
6005
6005
6006
6006
6007
6007
6008
6009
6009
6009
6010
6010
6011
6011
6012
6012
6013
6013
6014
6014
6015
6015
6015
6016
6016
6017
6017
6018
6018
6019
6019
6020
6021
6021
6022
6022
6023
6024
6024
6025
6025
6026
6026
6027
6028
6029
6029
6030
6030
6031
6031
6034
6035
6035
6036
6036
6037
6037
6038
6038
6041
6042
6042
6042
6043
6043
6044
6047
6047
6048
6048
6049
6049
6050
6052
6052
6053
6053
6055
6058
6059
6061
6062
6062
6064
6065
6065
6066
6067
6068
6068
6069
6070
6071
6071
6072
6072
6074
6074
6075
6075
6076
6077
6077
6078
6078
6079
6079
6080
6080
6081
6081
6082
6084
6084
6085
6085
6086
6086
6088
6088
6091
6091
6101
6104
6105
6105
6106
6106
6107
6108
6108
6109
6109
6110
6110
6111
6111
6112
6112
6113
6113
6114
6114
6115
6115
6116
6116
6117
6117
6118
6118
6119
6119
6120
6121
6121
6122
6123
6123
6124
6125
6125
6126
6126
6127
6128
6129
6129
6130
6131
6132
6133
6134
6137
6138
6139
6139
6140
6141
6142
6143
6144
6144
6145
6146
6147
6148
6149
6150
6152
6153
6154
6155
6156
6157
6158
6159
6160
6161
6162
6163
6164
6164
6165
6166
6167
6168
6169
6169
6170
6171
6171
6172
6173
6173
6174
6175
6176
6177
6179
6179
6180
6181
6182
6182
6183
6184
6185
6186
6186
6187
6188
6189
6189
6190
6191
6192
6192
6194
6194
6195
6196
6197
6197
6198
6199
6200
6200
6201
6202
6202
6203
6204
6204
6205
6206
6206
6207
6208
6208
6209
6210
6211
6212
6212
6213
6215
6216
6216
6217
6218
6218
6219
6219
6220
6220
6221
6222
6222
6223
6223
6224
6225
6225
6226
6226
6227
6227
6228
6228
6229
6230
6230
6231
6232
6233
6234
6234
6235
6236
6236
6237
6237
6239
6240
6240
6241
6242
6242
6243
6243
6244
6245
6246
6246
6247
6248
6248
6249
6250
6251
6251
6252
6253
6253
6254
6254
6255
6256
6256
6257
6257
6258
6259
6259
6260
6261
6261
6262
6262
6263
6263
6263
6264
6264
6265
6266
6266
6267
6268
6269
6269
6270
6272
6272
6274
6275
6275
6276
6276
6277
6278
6278
6279
6281
6281
6282
6282
6282
6283
6284
6284
6285
6285
6286
6287
6287
6288
6288
6289
6289
6290
6290
6291
6293
6294
6294
6295
6295
6296
6296
6297
6297
6297
6298
6300
6300
6301
6301
6302
6302
6303
6303
6304
6304
6304
6306
6306
6307
6307
6308
6309
6309
6310
6310
6311
6312
6312
6313
6313
6315
6316
6316
6318
6319
6319
6320
6320
6321
6322
6322
6323
6325
6325
6326
6326
6328
6328
6329
6329
6331
6331
6332
6332
6337
6339
6341
6342
6344
6345
6346
6346
6347
6347
6348
6348
6349
6349
6350
6350
6351
6351
6352
6352
6353
6354
6354
6359
6359
6360
6361
6361
6362
6362
6363
6363
6363
6364
6364
6365
6365
6365
6366
6366
6367
6367
6368
6368
6369
6369
6370
6370
6372
6373
6373
6374
6374
6375
6375
6376
6376
6377
6377
6378
6378
6379
6379
6380
6380
6381
6381
6382
6382
6383
6383
6384
6384
6385
6385
6385
6386
6386
6387
6387
6388
6388
6389
6389
6390
6390
6391
6391
6391
6392
6392
6394
6396
6397
6397
6398
6398
6399
6399
6401
6402
6402
6403
6403
6404
6404
6404
6405
6405
6406
6406
6407
6407
6408
6408
6409
6409
6410
6411
6411
6412
6412
6413
6413
6414
6414
6414
6415
6416
6416
6417
6417
6418
6418
6419
6419
6420
6421
6421
6422
6422
6423
6423
6424
6424
6425
6425
6426
6426
6427
6427
6428
6428
6429
6429
6430
6430
6431
6431
6432
6432
6433
6433
6434
6434
6435
6435
6436
6436
6437
6437
6438
6438
6439
6439
6440
6441
6441
6441
6442
6442
6443
6443
6444
6444
6445
6445
6445
6446
6446
6447
6449
6450
6450
6451
6452
6453
6453
6454
6454
6455
6455
6456
6457
6457
6458
6458
6459
6459
6460
6460
6461
6461
6462
6462
6463
6463
6463
6464
6464
6465
6465
6466
6466
6467
6467
6468
6468
6468
6469
6469
6470
6471
6471
6472
6472
6473
6473
6474
6474
6475
6475
6475
6476
6476
6477
6478
6478
6478
6479
6480
6480
6481
6482
6482
6483
6483
6484
6485
6485
6486
6487
6487
6488
6491
6491
6491
6491
6491
6491
6492
6492
6493
6494
6494
6495
6495
6496
6496
6497
6497
6498
6498
6499
6499
6500
6501
6501
6501
6502
6502
6503
6503
6504
6504
6505
6505
6506
6506
6507
6507
6508
6508
6509
6509
6510
6510
6510
6511
6511
6512
6512
6513
6514
6514
6515
6515
6515
6516
6516
6517
6517
6518
6518
6519
6519
6520
6520
6521
6521
6522
6523
6523
6524
6524
6525
6525
6525
6526
6526
6527
6527
6528
6528
6529
6529
6530
6530
6531
6531
6532
6532
6533
6533
6534
6534
6535
6535
6536
6536
6537
6537
6538
6538
6538
6539
6539
6540
6540
6541
6542
6542
6543
6544
6544
6545
6545
6546
6546
6547
6548
6548
6549
6549
6550
6551
6551
6552
6552
6553
6554
6554
6555
6556
6556
6557
6557
6558
6558
6559
6560
6560
6561
6562
6562
6563
6563
6564
6565
6565
6566
6567
6567
6568
6568
6569
6570
6570
6571
6572
6572
6573
6574
6574
6575
6576
6576
6577
6578
6578
6579
6579
6580
6580
6581
6582
6582
6583
6584
6584
6585
6586
6586
6587
6588
6588
6589
6590
6590
6591
6592
6592
6593
6594
6594
6595
6596
6596
6597
6598
6598
6599
6600
6601
6601
6602
6602
6603
6604
6605
6605
6606
6606
6607
6608
6608
6609
6610
6610
6611
6611
6612
6613
6613
6614
6615
6615
6616
6616
6617
6618
6618
6619
6620
6620
6621
6622
6622
6623
6624
6624
6625
6626
6626
6627
6628
6628
6629
6629
6630
6631
6631
6632
6633
6633
6634
6635
6635
6636
6636
6637
6638
6638
6639
6640
6640
6641
6641
6642
6643
6644
6644
6645
6646
6647
6647
6648
6649
6649
6650
6651
6651
6652
6653
6653
6654
6655
6655
6656
6657
6657
6658
6659
6660
6660
6661
6662
6662
6663
6664
6665
6665
6666
6667
6667
6668
6669
6669
6670
6671
6671
6672
6673
6673
6674
6675
6675
6676
6676
6677
6678
6679
6679
6680
6681
6681
6682
6683
6683
6684
6685
6685
6686
6687
6688
6688
6689
6690
6690
6691
6691
6692
6693
6693
6694
6695
6695
6696
6697
6698
6698
6699
6699
6700
6700
6701
6702
6702
6703
6703
6704
6704
6705
6706
6706
6707
6707
6708
6709
6711
6711
6714
6714
6724
6727
6727
6728
6730
6731
6737
6738
6738
6740
6743
6744
6744
6749
6749
6752
6757
6761
6761
6761
6765
6771
6771
6774
6774
6775
6775
6775
6776
6776
6777
6778
6780
6782
6784
6785
6785
6786
6786
6788
6792
6792
6793
6793
6794
6794
6795
6795
6795
6796
6796
6797
6797
6798
6799
6799
6802
6803
6804
6805
6806
6809
6809
6810
6812
6815
6815
6816
6818
6821
6821
6822
6831
6831
6835
6835
6836
6836
6837
6837
6838
6842
6845
6845
6846
6848
6851
6851
6852
6852
6853
6853
6853
6854
6854
6855
6855
6857
6858
6858
6858
6860
6861
6861
6862
6869
6869
6870
6870
6871
6872
6873
6873
6874
6874
6874
6876
6876
6876
6877
6877
6878
6878
6879
6879
6881
6882
6882
6883
6883
6885
6885
6885
6888
6888
6888
6891
6891
6892
6892
6893
6893
6894
6894
6895
6897
6898
6898
6898
6899
6900
6901
6901
6901
6903
6903
6904
6904
6905
6906
6907
6907
6909
6910
6910
6911
6911
6911
6913
6913
6913
6914
6914
6916
6916
6916
6917
6919
6925
6926
6929
6929
6930
6930
6934
6934
6935
6935
6936
6936
6936
6937
6938
6938
6939
6939
6940
6940
6941
6941
6946
6946
6947
6947
6948
6948
6949
6949
6949
6955
6956
6956
6957
6958
6959
6961
6962
6964
6966
6968
6969
6971
6973
6974
6976
6977
6979
6981
6983
6983
6984
6984
6985
6985
6986
6986
6987
6987
6988
6988
6989
6989
6990
6991
6991
6992
6993
6994
6996
6996
6997
6998
6998
6999
6999
7000
7001
7002
7002
7003
7003
7004
7005
7005
7006
7006
7007
7008
7008
7011
7011
7012
7012
7013
7013
7014
7015
7016
7017
7018
7018
7019
7020
7020
7021
7021
7022
7023
7023
7024
7026
7028
7029
7030
7039
7039
7040
7041
7041
7042
7042
7043
7043
7044
7044
7045
7045
7045
7046
7046
7047
7047
7048
7048
7049
7049
7050
7051
7051
7052
7052
7053
7053
7054
7054
7055
7059
7060
7060
7062
7063
7063
7064
7064
7065
7065
7066
7066
7067
7068
7068
7069
7069
7070
7070
7071
7071
7074
7074
7075
7076
7076
7077
7077
7078
7079
7080
7080
7081
7081
7082
7082
7083
7083
7088
7089
7089
7090
7092
7092
7093
7094
7104
7105
7105
7106
7107
7107
7108
7109
7109
7110
7110
7111
7112
7112
7114
7115
7116
7116
7117
7117
7118
7119
7119
7120
7121
7121
7122
7123
7124
7124
7125
7126
7171
7171
7172
7173
7173
7174
7175
7175
7176
7176
7177
7178
7179
7179
7180
7181
7181
7182
7183
7183
7184
7185
7185
7186
7187
7188
7188
7189
7190
7190
7191
7192
7192
7193
7194
7194
7195
7195
7196
7197
7198
7198
7199
7199
7200
7201
7201
7202
7203
7203
7204
7204
7205
7206
7206
7207
7208
7208
7209
7209
7210
7211
7211
7212
7212
7213
7213
7214
7215
7215
7216
7216
7217
7218
7218
7219
7220
7220
7221
7221
7222
7222
7223
7223
7224
7225
7225
7226
7226
7227
7228
7228
7229
7229
7230
7230
7231
7231
7231
7232
7232
7233
7233
7233
7234
7234
7235
7235
7236
7236
7236
7237
7237
7238
7238
7239
7239
7240
7240
7241
7241
7242
7242
7243
7243
7244
7244
7244
7245
7245
7246
7246
7247
7247
7248
7248
7249
7249
7250
7250
7253
7254
7254
7254
7257
7257
7258
7260
7260
7261
7263
7263
7264
7264
7265
7265
7266
7267
7268
7268
7269
7269
7269
7270
7270
7271
7271
7274
7274
7277
7281
7284
7284
7293
7293
7294
7294
7302
7302
7303
7306
7309
7309
7312
7313
7315
7319
7322
7331
7331
7332
7332
7333
7333
7334
7337
7349
7350
7352
7355
7356
7359
7361
7363
7365
7366
7367
7368
7369
7369
7370
7371
7371
7372
7373
7373
7376
7377
7377
7378
7379
7382
7382
7383
7385
7385
7388
7396
7396
7401
7401
7402
7402
7403
7406
7406
7411
7411
7412
7415
7416
7416
7417
7418
7419
7419
7422
7425
7425
7428
7428
7432
7432
7433
7433
7435
7441
7441
7444
7445
7445
7446
7446
7447
7448
7449
7449
7457
7457
7461
7462
7462
7463
7463
7464
7464
7465
7465
7466
7466
7467
7467
7468
7468
7469
7469
7470
7475
7480
7480
7481
7484
7484
7485
7488
7488
7489
7491
7498
7498
7499
7499
7500
7501
7502
7502
7503
7503
7504
7504
7505
7505
7506
7506
7507
7509
7513
7513
7514
7516
7516
7517
7518
7518
7519
7526
7526
7527
7528
7528
7529
7530
7530
7531
7538
7539
7540
7541
7541
7542
7543
7544
7544
7545
7545
7546
7546
7547
7548
7549
7549
7550
7551
7552
7552
7553
7554
7559
7560
7560
7561
7581
7582
7582
7583
7584
7585
7585
7586
7587
7587
7588
7589
7590
7590
7591
7592
7592
7593
7593
7594
7594
7595
7596
7596
7597
7597
7598
7599
7599
7600
7601
7601
7602
7603
7604
7604
7605
7606
7606
7607
7607
7608
7609
7609
7610
7611
7611
7612
7613
7613
7614
7615
7615
7616
7616
7617
7618
7619
7619
7620
7621
7622
7623
7624
7624
7625
7626
7626
7627
7627
7628
7629
7629
7630
7631
7631
7632
7633
7633
7634
7634
7635
7636
7636
7637
7638
7638
7639
7639
7640
7640
7641
7641
7642
7642
7643
7644
7644
7645
7645
7646
7647
7648
7648
7649
7650
7659
7659
7662
7665
7668
7669
7669
7670
7670
7671
7671
7671
7672
7673
7673
7673
7674
7676
7676
7677
7679
7680
7680
7681
7688
7688
7688
7691
7691
7695
7698
7701
7701
7702
7702
7703
7704
7707
7708
7711
7711
7711
7714
7714
7715
7718
7718
7719
7719
7721
7722
7729
7729
7730
7730
7732
7732
7733
7733
7733
7734
7735
7735
7738
7739
7739
7740
7740
7741
7742
7742
7743
7743
7744
7745
7745
7745
7746
7746
7747
7748
7751
7751
7751
7752
7752
7754
7757
7757
7758
7760
7760
7769
7769
7769
7772
7772
7775
7775
7776
7776
7780
7781
7781
7787
7790
7790
7791
7791
7793
7794
7794
7794
7795
7796
7797
7797
7798
7799
7800
7800
7801
7802
7805
7806
7809
7812
7812
7815
7815
7816
7819
7820
7820
7821
7821
7822
7822
7823
7827
7828
7830
7831
7833
7835
7836
7837
7838
7838
7839
7839
7840
7840
7841
7841
7842
7842
7843
7844
7844
7845
7847
7848
7850
7853
7854
7856
7857
7858
7858
7859
7859
7866
7866
7867
7867
7868
7868
7869
7869
7875
7875
7878
7878
7879
7881
7882
7882
7884
7887
7888
7891
7891
7892
7894
7895
7896
7899
7900
7902
7903
7905
7905
7906
7907
7907
7908
7908
7909
7910
7910
7911
7911
7912
7912
7913
7914
7914
7915
7915
7916
7917
7917
7918
7918
7919
7920
7921
7921
7922
7924
7924
7925
7926
7926
7927
7928
7928
7929
7929
7930
7931
7931
7932
7932
7933
7933
7934
7935
7935
7936
7936
7937
7938
7942
7944
7945
7946
7947
7947
7951
7962
7963
7966
7967
7967
7968
7969
7977
7980
7980
7981
7982
7982
7993
7997
7998
8000
8002
8003
8003
8004
8007
8021
8021
8022
8045
8045
8046
8047
8047
8048
8049
8051
8054
8057
8060
8068
8069
8070
8070
8073
8074
8077
8078
8080
8080
8088
8088
8089
8093
8093
8094
8096
8096
8099
8102
8106
8106
8109
8109
8112
8112
8115
8120
8120
8123
8126
8129
8130
8132
8136
8136
8137
8146
8149
8152
8153
8153
8154
8154
8155
8156
8156
8162
8165
8172
8175
8187
8191
8194
8197
8198
8201
8205
8208
8211
8214
8214
8217
8220
8223
8224
8228
8232
8236
8240
8243
8246
8247
8250
8253
8253
8256
8259
8262
8265
8271
8274
8277
8278
8278
8279
8280
8280
8283
8284
8286
8287
8287
8290
8293
8294
8294
8296
8296
8299
8303
8304
8304
8305
8309
8310
8312
8321
8322
8327
8327
8328
8328
8329
8330
8331
8333
8336
8340
8340
8343
8343
8344
8346
8349
8350
8352
8355
8356
8358
8359
8361
8365
8365
8366
8368
8368
8371
8374
8375
8377
8378
8380
8384
8392
8400
8400
8401
8404
8404
8408
8414
8416
8418
8422
8422
8423
8424
8425
8428
8432
8432
8435
8436
8448
8448
8449
8454
8454
8460
8461
8463
8464
8465
8471
8472
8472
8473
8474
8475
8476
8477
8478
8481
8484
8485
8486
8487
8491
8492
8493
8495
8498
8498
8500
8501
8503
8511
8512
8513
8514
8515
8515
8517
8521
8521
8522
8524
8527
8528
8530
8534
8537
8540
8540
8543
8543
8546
8546
8547
8549
8550
8552
8556
8556
8559
8559
8559
8560
8560
8562
8562
8562
8565
8565
8568
8568
8572
8575
8576
8578
8582
8582
8590
8590
8591
8597
8597
8598
8606
8606
8606
8607
8609
8609
8610
8616
8616
8616
8617
8619
8619
8620
8620
8620
8621
8622
8622
8623
8623
8625
8625
8626
8628
8635
8635
8636
8636
8640
8640
8644
8644
8647
8647
8648
8650
8650
8653
8653
8656
8664
8664
8667
8671
8671
8675
8675
8675
8676
8678
8678
8681
8684
8685
8685
8685
8695
8696
8697
8697
8698
8699
8699
8700
8700
8701
8702
8703
8709
8709
8710
8711
8712
8713
8714
8714
8715
8716
8716
8718
8722
8722
8723
8731
8732
8732
8733
8733
8734
8734
8735
8735
8736
8738
8745
8749
8752
8752
8756
8757
8757
8758
8758
8759
8760
8763
8763
8766
8766
8769
8773
8776
8779
8782
8782
8783
8785
8788
8788
8789
8791
8792
8792
8795
8795
8796
8797
8801
8801
8802
8804
8804
8805
8807
8807
8810
8811
8813
8817
8818
8818
8820
8820
8821
8822
8823
8823
8840
8841
8841
8842
8853
8854
8855
8856
8857
8858
8859
8863
8864
8865
8866
8867
8868
8869
8870
8871
8872
8873
8874
8876
8877
8879
8882
8882
8883
8884
8885
8885
8886
8887
8888
8888
8889
8890
8891
8892
8894
8895
8896
8899
8900
8900
8902
8902
8903
8905
8906
8907
8908
8908
8909
8910
8911
8911
8912
8913
8914
8915
8916
8916
8917
8918
8919
8920
8921
8922
8923
8924
8925
8926
8926
8927
8928
8929
8929
8930
8931
8933
8933
8934
8936
8938
8940
8942
8943
8944
8945
8945
8946
8947
8948
8949
8949
8950
8951
8952
8952
8953
8954
8955
8956
8956
8957
8958
8958
8959
8960
8961
8962
8962
8963
8964
8964
8965
8965
8966
8967
8968
8969
8970
8971
8972
8973
8974
8974
8975
8976
8977
8977
8978
8979
8979
8980
8990
8993
8993
8996
9001
9001
9007
9010
9011
9014
9015
9015
9015
9016
9018
9019
9019
9019
9020
9021
9021
9022
9022
9022
9023
9024
9024
9024
9025
9025
9027
9027
9028
9028
9028
9030
9030
9031
9031
9031
9032
9038
9038
9039
9039
9040
9041
9045
9048
9048
9049
9049
9052
9053
9053
9054
9057
9058
9060
9061
9061
9062
9062
9064
9064
9064
9065
9066
9067
9074
9074
9075
9077
9077
9078
9078
9079
9079
9081
9081
9082
9082
9082
9084
9084
9085
9087
9087
9088
9088
9089
9090
9091
9094
9095
9096
9097
9098
9105
9105
9106
9108
9108
9111
9112
9112
9112
9113
9113
9114
9120
9120
9121
9122
9122
9123
9124
9125
9125
9126
9126
9127
9127
9128
9135
9135
9136
9139
9139
9140
9140
9141
9142
9142
9143
9143
9144
9144
9145
9145
9146
9148
9148
9149
9149
9151
9151
9152
9152
9154
9154
9155
9157
9157
9158
9158
9160
9161
9161
9164
9164
9167
9167
9168
9168
9170
9170
9171
9173
9180
9181
9181
9182
9182
9184
9184
9186
9187
9187
9189
9192
9201
9204
9204
9207
9208
9209
9209
9210
9211
9211
9212
9212
9214
9215
9215
9216
9216
9217
9217
9218
9218
9220
9221
9221
9223
9224
9224
9226
9229
9233
9233
9234
9234
9237
9237
9238
9239
9239
9240
9242
9243
9243
9245
9246
9248
9249
9252
9252
9255
9255
9256
9257
9264
9265
9267
9267
9268
9269
9269
9270
9271
9272
9272
9273
9274
9275
9282
9282
9283
9284
9285
9286
9287
9288
9288
9289
9290
9291
9292
9292
9293
9294
9294
9295
9295
9296
9297
9298
9298
9299
9300
9300
9301
9302
9303
9303
9304
9305
9305
9306
9307
9308
9308
9309
9309
9310
9311
9312
9331
9332
9332
9333
9334
9334
9335
9336
9336
9337
9338
9339
9339
9340
9341
9342
9342
9343
9344
9344
9345
9346
9346
9347
9348
9349
9349
9350
9351
9352
9353
9353
9354
9354
9356
9357
9357
9358
9358
9359
9359
9360
9361
9361
9362
9363
9363
9366
9367
9370
9371
9371
9372
9373
9373
9374
9374
9380
9381
9381
9382
9383
9383
9384
9384
9385
9386
9387
9395
9395
9396
9397
9397
9398
9398
9399
9399
9401
9409
9409
9410
9413
9416
9418
9418
9418
9419
9419
9420
9420
9423
9424
9424
9426
9430
9430
9431
9433
9436
9437
9437
9437
9438
9438
9447
9447
9450
9450
9451
9451
9452
9459
9462
9462
9463
9463
9463
9464
9464
9465
9465
9468
9469
9475
9479
9479
9479
9480
9480
9481
9481
9482
9482
9482
9483
9483
9484
9484
9485
9485
9487
9488
9488
9489
9489
9489
9490
9491
9493
9494
9494
9498
9500
9501
9503
9506
9509
9512
9515
9516
9518
9519
9522
9522
9526
9527
9528
9528
9529
9531
9534
9534
9535
9537
9538
9540
9541
9541
9543
9552
9555
9556
9557
9558
9558
9559
9562
9563
9563
9564
9564
9566
9574
9575
9575
9576
9577
9578
9578
9579
9580
9582
9582
9583
9586
9586
9587
9588
9596
9596
9597
9600
9601
9601
9601
9602
9603
9603
9604
9604
9606
9607
9607
9608
9609
9610
9619
9621
9623
9625
9627
9628
9630
9631
9633
9634
9634
9635
9635
9636
9637
9637
9638
9638
9639
9639
9640
9640
9644
9647
9647
9648
9648
9650
9651
9651
9652
9660
9661
9661
9662
9666
9667
9667
9673
9676
9676
9677
9678
9678
9685
9685
9686
9687
9688
9688
9689
9690
9692
9692
9693
9694
9694
9695
9696
9697
9697
9698
9699
9699
9713
9714
9715
9715
9716
9717
9718
9721
9736
9737
9738
9739
9739
9740
9741
9742
9743
9744
9744
9745
9754
9755
9756
9757
9757
9758
9759
9759
9761
9761
9762
9763
9764
9764
9765
9766
9766
9767
9768
9768
9771
9773
9774
9774
9778
9780
9781
9781
9783
9792
9792
9793
9794
9795
9795
9796
9796
9798
9798
9799
9799
9800
9801
9801
9802
9802
9803
9803
9804
9805
9811
9812
9812
9813
9813
9821
9823
9824
9826
9829
9830
9833
9833
9834
9834
9834
9836
9842
9842
9842
9845
9845
9846
9848
9848
9849
9852
9855
9855
9859
9862
9862
9863
9877
9877
9878
9881
9884
9884
9885
9885
9886
9888
9888
9889
9893
9893
9895
9895
9896
9898
9898
9901
9901
9904
9905
9905
9907
9915
9915
9916
9916
9917
9918
9919
9919
9919
9920
9920
9921
9921
9924
9925
9925
9927
9928
9928
9929
9929
9931
9931
9935
9935
9936
9936
9937
9937
9938
9938
9939
9940
9941
9941
9942
9943
9944
9944
9951
9952
9952
9953
9954
9955
9955
9955
9956
9956
9957
9957
9958
9958
9959
9961
9961
9964
9965
9965
9965
9966
9966
9968
9968
9968
9971
9971
9975
9975
9978
9979
9979
9981
9982
9985
9985
9988
9989
9989
9990
9992
9992
9993
9993
9995
9996
9996
9998
9999
10002
10002
10003
10005
10006
10006
10007
10009
10009
10010
10012
10015
10015
10018
10018
10021
10022
10024
10032
10041
10042
10042
10043
10043
10044
10044
10045
10050
10050
10052
10053
10053
10054
10055
10055
10058
10061
10061
10062
10064
10064
10067
10071
10072
10073
10082
10082
10083
10084
10084
10085
10085
10088
10089
10090
10090
10094
10094
10095
10111
10117
10118
10119
10119
10120
10121
10122
10123
10124
10125
10125
10126
10127
10128
10129
10129
10131
10132
10133
10134
10134
10135
10136
10137
10139
10142
10143
10143
10144
10145
10146
10147
10148
10151
10151
10152
10152
10153
10153
10154
10154
10156
10157
10158
10161
10162
10163
10164
10165
10166
10167
10168
10169
10174
10175
10176
10177
10178
10182
10183
10186
10187
10188
10189
10190
10191
10191
10192
10193
10195
10198
10199
10208
10209
10209
10210
10211
10215
10219
10222
10225
10229
10232
10233
10233
10235
10236
10238
10239
10239
10241
10242
10244
10245
10247
10248
10248
10251
10254
10254
10255
10255
10257
10257
10258
10258
10258
10259
10259
10260
10260
10261
10261
10261
10262
10263
10263
10264
10264
10266
10267
10267
10267
10269
10270
10270
10271
10271
10272
10272
10272
10273
10273
10274
10274
10275
10281
10282
10282
10282
10283
10286
10286
10286
10287
10287
10288
10288
10288
10289
10289
10290
10290
10291
10291
10291
10292
10292
10293
10293
10294
10294
10294
10295
10295
10296
10296
10296
10297
10297
10298
10298
10299
10299
10299
10301
10302
10302
10302
10303
10303
10304
10304
10305
10305
10306
10306
10306
10307
10307
10308
10308
10309
10309
10309
10310
10312
10312
10313
10313
10315
10315
10316
10316
10317
10317
10318
10318
10318
10319
10319
10320
10320
10320
10321
10321
10322
10322
10323
10323
10323
10324
10324
10325
10325
10326
10326
10326
10328
10328
10328
10329
10329
10330
10330
10330
10331
10331
10332
10332
10332
10333
10333
10334
10334
10335
10335
10335
10336
10336
10337
10337
10338
10338
10338
10339
10339
10340
10341
10341
10341
10342
10342
10343
10344
10350
10350
10351
10353
10353
10354
10354
10355
10355
10357
10358
10358
10359
10359
10360
10360
10361
10361
10361
10362
10362
10363
10363
10364
10364
10364
10365
10366
10366
10367
10367
10368
10368
10369
10369
10370
10370
10371
10371
10372
10372
10373
10373
10373
10374
10374
10375
10375
10376
10376
10376
10377
10377
10378
10378
10379
10379
10380
10381
10381
10382
10382
10383
10383
10384
10384
10385
10385
10386
10386
10386
10387
10388
10388
10388
10389
10389
10389
10389
10389
10390
10390
10390
10390
10391
10391
10391
10391
10391
10392
10392
10392
10392
10394
10395
10395
10395
10395
10395
10396
10396
10397
10397
10397
10397
10398
10398
10400
10400
10401
10401
10401
10401
10401
10402
10403
10403
10404
10404
10404
10404
10406
10407
10407
10407
10407
10408
10408
10409
10410
10410
10410
10411
10411
10411
10411
10411
10412
10412
10413
10413
10416
10416
10417
10417
10419
10420
10422
10423
10423
10424
10424
10425
10426
10426
10427
10427
10428
10428
10429
10429
10430
10430
10431
10431
10432
10432
10433
10433
10434
10434
10435
10440
10441
10441
10448
10448
10449
10449
10450
10450
10451
10451
10452
10452
10453
10453
10454
10454
10455
10455
10456
10456
10457
10457
10458
10459
10459
10460
10460
10461
10461
10462
10462
10463
10464
10464
10465
10465
10466
10466
10467
10467
10468
10468
10469
10469
10470
10470
10471
10471
10472
10472
10473
10473
10474
10474
10475
10476
10476
10477
10477
10478
10478
10479
10479
10480
10480
10481
10481
10481
10482
10482
10483
10483
10484
10485
10485
10486
10486
10487
10487
10488
10488
10489
10489
10490
10490
10491
10492
10492
10493
10493
10494
10495
10499
10499
10500
10503
10506
10507
10508
10508
10509
10509
10510
10520
10521
10521
10522
10523
10524
10525
10525
10526
10526
10527
10528
10529
10529
10530
10531
10531
10532
10532
10533
10534
10535
10535
10536
10537
10538
10539
10540
10541
10542
10543
10544
10545
10546
10547
10548
10549
10550
10551
10552
10553
10554
10555
10555
10556
10557
10558
10559
10559
10560
10574
10575
10575
10576
10577
10578
10579
10579
10580
10581
10582
10583
10583
10584
10585
10586
10586
10587
10588
10588
10589
10590
10591
10591
10592
10592
10593
10594
10594
10595
10596
10596
10597
10598
10598
10599
10600
10601
10602
10602
10603
10604
10605
10605
10606
10607
10607
10608
10609
10610
10610
10611
10612
10612
10613
10614
10614
10615
10616
10616
10617
10618
10618
10619
10619
10620
10620
10621
10622
10622
10623
10624
10625
10626
10627
10629
10630
10631
10632
10633
10633
10634
10634
10635
10636
10636
10637
10638
10638
10639
10639
10640
10641
10641
10642
10643
10643
10646
10647
10648
10649
10650
10653
10654
10654
10656
10657
10666
10669
10669
10670
10670
10671
10672
10673
10675
10675
10676
10676
10677
10678
10679
10679
10681
10682
10682
10684
10685
10688
10688
10690
10691
10691
10692
10694
10694
10695
10695
10695
10697
10697
10698
10700
10701
10701
10702
10702
10703
10704
10706
10707
10707
10708
10708
10709
10710
10710
10710
10713
10713
10714
10714
10714
10717
10717
10718
10718
10719
10719
10720
10720
10727
10727
10728
10728
10730
10730
10733
10734
10736
10740
10740
10740
10741
10741
10742
10742
10743
10743
10744
10744
10744
10745
10745
10746
10746
10747
10747
10748
10748
10748
10749
10749
10750
10750
10751
10751
10752
10752
10752
10753
10753
10754
10754
10755
10755
10755
10756
10756
10757
10757
10758
10758
10758
10759
10759
10760
10760
10761
10761
10761
10762
10762
10763
10763
10763
10764
10765
10765
10766
10766
10766
10767
10767
10768
10768
10769
10769
10770
10770
10770
10771
10771
10772
10772
10773
10773
10773
10774
10774
10775
10775
10776
10776
10776
10777
10778
10778
10778
10779
10779
10780
10780
10780
10781
10781
10782
10782
10782
10783
10783
10784
10785
10785
10786
10786
10786
10787
10787
10793
10793
10796
10796
10797
10798
10799
10800
10800
10801
10801
10802
10802
10803
10803
10803
10804
10804
10805
10805
10806
10806
10807
10807
10808
10808
10809
10809
10810
10810
10811
10812
10812
10812
10813
10813
10814
10816
10816
10817
10817
10818
10818
10818
10819
10819
10820
10820
10821
10821
10823
10823
10824
10824
10825
10825
10826
10826
10829
10830
10830
10831
10833
10833
10834
10835
10835
10835
10836
10836
10837
10837
10838
10840
10841
10841
10842
10842
10843
10849
10849
10850
10852
10853
10853
10854
10854
10855
10855
10856
10856
10857
10857
10858
10858
10859
10859
10860
10860
10861
10861
10862
10862
10863
10863
10864
10865
10865
10866
10866
10867
10867
10868
10868
10869
10869
10869
10870
10870
10871
10871
10872
10872
10873
10873
10874
10874
10875
10875
10876
10876
10876
10877
10878
10878
10879
10879
10880
10881
10881
10882
10882
10883
10883
10884
10884
10885
10885
10886
10886
10887
10887
10888
10888
10889
10889
10890
10891
10891
10892
10893
10893
10894
10894
10895
10895
10896
10896
10897
10898
10898
10899
10899
10900
10900
10901
10902
10902
10903
10903
10904
10904
10905
10905
10906
10906
10906
10907
10907
10908
10908
10909
10909
10910
10911
10911
10912
10913
10913
10914
10914
10915
10915
10916
10916
10917
10917
10918
10918
10919
10919
10919
10920
10921
10921
10922
10922
10923
10923
10924
10924
10925
10925
10926
10926
10927
10927
10928
10928
10929
10929
10930
10930
10931
10931
10932
10932
10933
10934
10934
10935
10935
10936
10936
10937
10937
10938
10939
10939
10940
10940
10941
10941
10942
10942
10943
10943
10944
10944
10945
10945
10946
10946
10947
10947
10948
10949
10949
10949
10950
10951
10951
10952
10952
10956
10956
10957
10958
10958
10959
10959
10960
10961
10962
10962
10963
10963
10964
10965
10966
10966
10967
10968
10968
10969
10969
10970
10971
10971
10972
10973
10973
10974
10975
10975
10976
10977
10978
10979
10980
10981
10982
10983
10984
10985
10985
10986
10987
10988
10988
10989
10990
10990
10991
10992
10993
10993
10994
10995
10996
10997
10998
10999
11000
11000
11001
11002
11003
11003
11004
11005
11005
11006
11007
11008
11009
11009
11010
11011
11012
11012
11013
11014
11014
11015
11016
11017
11018
11019
11019
11020
11021
11021
11022
11022
11023
11024
11024
11025
11026
11026
11027
11028
11028
11029
11030
11031
11031
11032
11033
11033
11034
11035
11035
11036
11036
11037
11038
11038
11039
11040
11040
11041
11042
11042
11043
11044
11045
11046
11047
11047
11048
11050
11051
11052
11053
11053
11054
11055
11055
11056
11057
11058
11058
11059
11060
11061
11062
11062
11063
11064
11065
11065
11066
11067
11068
11069
11069
11070
11072
11072
11073
11074
11074
11075
11076
11076
11077
11078
11079
11079
11080
11081
11082
11082
11083
11084
11085
11086
11086
11087
11087
11088
11089
11089
11090
11091
11091
11092
11092
11093
11093
11094
11095
11095
11096
11096
11097
11098
11098
11099
11100
11100
11101
11102
11102
11103
11103
11105
11106
11106
11107
11108
11109
11109
11111
11111
11112
11113
11114
11114
11115
11115
11116
11117
11117
11118
11118
11119
11119
11120
11120
11121
11121
11122
11122
11123
11123
11124
11124
11125
11125
11125
11127
11128
11128
11128
11129
11129
11130
11130
11131
11131
11132
11132
11132
11133
11133
11134
11134
11134
11135
11135
11136
11136
11137
11137
11138
11138
11138
11139
11140
11141
11141
11141
11142
11142
11143
11143
11144
11144
11145
11145
11145
11146
11147
11147
11148
11148
11149
11149
11150
11150
11151
11151
11151
11152
11152
11153
11153
11154
11154
11155
11155
11155
11156
11156
11157
11157
11158
11158
11159
11159
11159
11160
11160
11161
11161
11162
11162
11163
11163
11164
11164
11165
11165
11165
11166
11166
11167
11167
11168
11168
11168
11169
11169
11170
11170
11171
11171
11172
11172
11172
11173
11173
11174
11175
11175
11176
11176
11176
11177
11178
11178
11179
11179
11180
11180
11181
11181
11181
11182
11182
11183
11183
11184
11184
11185
11185
11186
11186
11186
11187
11187
11188
11188
11189
11189
11190
11191
11192
11193
11194
11194
11195
11195
11196
11196
11197
11197
11198
11198
11199
11199
11200
11200
11201
11201
11202
11202
11202
11203
11203
11204
11204
11205
11205
11205
11206
11206
11207
11207
11208
11208
11209
11209
11210
11210
11210
11211
11211
11212
11212
11213
11214
11214
11215
11216
11216
11216
11217
11217
11218
11218
11219
11219
11220
11220
11221
11221
11221
11222
11222
11223
11223
11224
11224
11225
11225
11225
11226
11226
11227
11227
11228
11228
11229
11229
11230
11230
11231
11231
11231
11232
11232
11233
11233
11234
11234
11235
11235
11235
11236
11236
11237
11237
11238
11239
11240
11241
11241
11242
11242
11242
11243
11244
11244
11245
11245
11246
11246
11247
11247
11248
11248
11248
11249
11249
11250
11251
11251
11252
11252
11252
11253
11253
11254
11254
11255
11255
11256
11256
11257
11257
11258
11258
11259
11259
11260
11260
11260
11261
11261
11262
11262
11263
11266
11266
11267
11267
11268
11268
11269
11269
11269
11270
11271
11272
11272
11273
11273
11273
11275
11275
11276
11276
11276
11280
11280
11281
11281
11282
11283
11284
11284
11285
11286
11286
11287
11287
11294
11294
11295
11295
11296
11298
11299
11299
11299
11300
11300
11301
11301
11302
11302
11302
11306
11306
11307
11310
11310
11311
11311
11312
11313
11313
11314
11315
11315
11315
11316
11316
11317
11318
11318
11319
11320
11320
11321
11321
11322
11322
11323
11323
11324
11324
11327
11328
11328
11329
11330
11330
11331
11331
11332
11333
11333
11334
11334
11335
11336
11336
11337
11337
11338
11339
11339
11339
11340
11340
11341
11342
11342
11343
11343
11344
11345
11346
11346
11347
11348
11349
11349
11350
11350
11351
11352
11352
11353
11353
11354
11354
11355
11355
11356
11356
11357
11358
11358
11359
11359
11360
11361
11361
11362
11362
11363
11363
11364
11364
11365
11365
11369
11370
11370
11371
11371
11372
11373
11373
11374
11374
11375
11376
11376
11377
11378
11378
11384
11386
11386
11387
11389
11390
11390
11391
11391
11392
11394
11394
11395
11395
11396
11397
11398
11399
11399
11400
11401
11401
11402
11402
11403
11403
11404
11404
11406
11407
11408
11408
11409
11410
11411
11411
11412
11412
11414
11415
11415
11417
11418
11418
11419
11420
11421
11421
11422
11422
11426
11427
11428
11428
11429
11431
11433
11435
11436
11437
11437
11438
11439
11440
11442
11444
11444
11445
11446
11446
11447
11448
11448
11449
11450
11451
11451
11452
11452
11453
11454
11455
11456
11457
11458
11459
11459
11461
11462
11462
11463
11463
11464
11465
11468
11470
11470
11471
11472
11473
11474
11474
11475
11476
11477
11547
11548
11548
11549
11550
11550
11551
11552
11552
11553
11554
11554
11555
11556
11556
11557
11558
11558
11559
11560
11560
11561
11562
11563
11563
11565
11566
11567
11568
11569
11569
11570
11571
11571
11572
11573
11575
11577
11578
11579
11580
11581
11582
11583
11583
11584
11585
11585
11586
11587
11587
11588
11588
11589
11589
11589
11590
11590
11591
11591
11592
11592
11592
11593
11593
11594
11594
11595
11595
11596
11596
11596
11597
11598
11598
11599
11599
11599
11600
11600
11601
11601
11602
11602
11603
11603
11604
11604
11604
11605
11605
11606
11606
11607
11607
11608
11608
11608
11609
11609
11610
11610
11611
11611
11612
11612
11612
11613
11613
11614
11614
11615
11615
11616
11616
11616
11617
11618
11618
11618
11619
11619
11620
11620
11621
11621
11622
11622
11623
11623
11624
11624
11625
11625
11626
11626
11627
11627
11628
11628
11629
11629
11630
11630
11631
11631
11632
11632
11633
11633
11634
11634
11635
11635
11636
11636
11637
11637
11638
11638
11639
11639
11640
11641
11641
11641
11642
11642
11643
11643
11644
11644
11645
11645
11645
11646
11646
11647
11647
11648
11648
11649
11649
11649
11650
11650
11651
11651
11652
11652
11653
11653
11654
11654
11655
11655
11655
11656
11656
11657
11657
11658
11658
11659
11659
11659
11660
11661
11662
11662
11663
11663
11664
11664
11665
11666
11666
11667
11667
11668
11668
11669
11669
11670
11670
11671
11672
11672
11672
11673
11673
11674
11674
11675
11675
11676
11676
11676
11677
11678
11678
11679
11679
11679
11680
11681
11681
11681
11682
11682
11683
11684
11685
11685
11686
11686
11687
11687
11688
11688
11689
11689
11690
11690
11691
11691
11691
11692
11692
11693
11693
11694
11694
11695
11695
11696
11696
11697
11697
11698
11698
11699
11699
11700
11700
11701
11701
11701
11702
11703
11703
11703
11704
11704
11705
11705
11706
11706
11706
11707
11707
11708
11708
11709
11709
11710
11710
11711
11712
11713
11713
11714
11714
11715
11715
11716
11716
11717
11717
11718
11718
11719
11719
11719
11720
11720
11721
11721
11722
11722
11723
11723
11724
11724
11725
11725
11725
11726
11726
11727
11727
11728
11728
11728
11729
11729
11730
11730
11731
11731
11732
11732
11732
11733
11733
11734
11734
11736
11736
11737
11738
11738
11739
11739
11740
11740
11741
11741
11742
11742
11743
11743
11744
11744
11745
11745
11745
11746
11746
11747
11747
11748
11748
11748
11749
11749
11750
11750
11751
11752
11752
11753
11753
11754
11755
11755
11755
11756
11756
11757
11757
11758
11758
11759
11759
11759
11760
11760
11761
11761
11762
11762
11763
11763
11764
11764
11764
11765
11765
11766
11767
11767
11767
11768
11768
11769
11769
11770
11770
11771
11771
11772
11772
11773
11773
11773
11774
11774
11775
11775
11776
11776
11776
11777
11778
11786
11786
11787
11787
11789
11792
11793
11793
11793
11796
11797
11799
11799
11800
11802
11802
11805
11806
11817
11820
11823
11824
11826
11836
11839
11839
11840
11842
11842
11845
11849
11849
11850
11852
11855
11858
11858
11861
11864
11865
11865
11866
11866
11868
11868
11877
11880
11880
11884
11895
11900
11900
11901
11903
11911
11912
11912
11913
11915
11918
11921
11925
11925
11931
11931
11937
11941
11942
11942
11945
11945
11960
11962
11963
11964
11965
11974
11975
11975
11976
11977
11977
11978
11979
11979
11980
11981
11981
11989
11989
11990
11990
11991
11991
11992
11993
11994
11994
11995
11996
11996
11996
11996
11999
12003
12004
12006
12007
12008
12009
12009
12010
12011
12011
12012
12012
12013
12013
12014
12015
12015
12016
12017
12018
12021
12023
12024
12024
12025
12025
12026
12026
12027
12027
12028
12028
12028
12028
12030
12049
12049
12050
12050
12051
12051
12052
12052
12053
12053
12054
12054
12055
12056
12056
12057
12057
12058
12058
12059
12059
12060
12060
12061
12062
12062
12063
12063
12064
12064
12065
12065
12066
12066
12067
12068
12068
12069
12069
12070
12070
12071
12071
12072
12072
12073
12073
12074
12074
12075
12075
12076
12076
12077
12077
12078
12078
12079
12079
12080
12080
12081
12081
12082
12084
12085
12085
12086
12086
12087
12088
12088
12089
12090
12090
12091
12092
12097
12098
12099
12099
12100
12100
12101
12102
12102
12103
12103
12104
12104
12105
12105
12105
12106
12106
12107
12107
12108
12108
12109
12109
12110
12110
12111
12111
12112
12113
12115
12116
12117
12118
12120
12121
12126
12126
12129
12129
12130
12130
12131
12131
12131
12132
12132
12133
12133
12134
12134
12135
12135
12135
12136
12136
12137
12138
12139
12139
12140
12141
12142
12142
12143
12143
12144
12145
12145
12147
12148
12148
12149
12149
12151
12151
12158
12158
12158
12161
12161
12162
12162
12162
12164
12164
12165
12165
12166
12168
12169
12170
12171
12171
12172
12173
12173
12174
12174
12178
12178
12179
12179
12180
12181
12181
12181
12182
12182
