0
1
1
3
13
13
15
19
22
37
38
41
44
45
48
52
53
61
62
66
74
80
89
100
103
106
110
114
118
121
126
134
138
141
142
145
146
158
158
164
164
164
168
172
173
178
179
179
182
182
187
202
206
207
207
217
217
220
221
227
231
234
239
242
254
258
273
276
277
277
278
282
317
317
318
319
319
320
320
321
323
327
333
357
358
359
359
375
376
384
397
397
398
398
399
407
407
410
411
411
414
414
420
431
432
442
444
445
449
449
450
452
453
454
466
472
475
475
476
478
478
481
491
500
500
500
520
526
526
530
531
531
541
545
546
550
554
555
558
558
561
564
568
568
572
572
575
575
576
578
578
588
592
592
592
593
593
595
595
601
601
606
606
617
621
621
627
628
628
629
629
630
639
639
648
648
649
649
651
651
654
667
668
669
669
670
674
678
678
691
692
693
693
694
695
703
704
704
715
716
723
733
739
743
752
753
759
759
762
763
767
771
776
776
784
784
794
794
801
804
807
808
818
821
825
826
826
831
838
843
843
853
853
857
863
874
881
881
884
887
887
897
897
908
915
919
923
928
939
939
940
942
942
953
953
960
960
966
969
970
981
981
982
984
987
992
1000
1001
1001
1003
1014
1015
1015
1020
1021
1030
1031
1040
1041
1042
1042
1045
1050
1053
1054
1057
1057
1058
1060
1070
1074
1088
1089
1091
1095
1096
1100
1104
1116
1125
1126
1128
1134
1135
1137
1141
1141
1144
1150
1152
1154
1155
1158
1161
1168
1170
1172
1174
1179
1182
1184
1186
1188
1190
1199
1200
1202
1210
1213
1218
1219
1219
1227
1229
1231
1232
1234
1234
1238
1238
1241
1248
1248
1251
1251
1252
1254
1264
1264
1267
1268
1270
1273
1274
1284
1284
1285
1287
1288
1290
1291
1293
1294
1296
1306
1307
1307
1307
1308
1309
1317
1317
1318
1320
1320
1324
1328
1331
1331
1340
1340
1344
1345
1345
1346
1347
1347
1348
1350
1351
1360
1363
1364
1367
1367
1368
1368
1369
1371
1375
1378
1381
1393
1393
1394
1394
1396
1397
1401
1404
1404
1409
1411
1412
1414
1417
1418
1418
1420
1424
1424
1427
1427
1431
1431
1433
1434
1437
1437
1438
1440
1440
1443
1446
1447
1454
1457
1460
1463
1464
1465
1465
1466
1472
1476
1477
1477
1483
1484
1486
1487
1489
1493
1493
1494
1496
1499
1502
1502
1503
1504
1505
1508
1509
1511
1512
1525
1525
1526
1526
1527
1528
1528
1529
1560
1561
1562
1562
1563
1564
1564
1565
1565
1566
1567
1567
1568
1569
1569
1570
1570
1571
1572
1572
1573
1574
1574
1582
1582
1583
1584
1584
1590
1591
1592
1600
1600
1607
1608
1617
1618
1618
1619
1620
1621
1621
1622
1624
1627
1627
1628
1631
1631
1632
1637
1638
1638
1651
1652
1652
1657
1658
1658
1660
1661
1667
1668
1668
1669
1670
1671
1671
1674
1674
1676
1677
1680
1680
1690
1691
1693
1694
1697
1700
1701
1701
1709
1710
1713
1714
1714
1715
1715
1716
1717
1728
1729
1729
1738
1741
1745
1745
1745
1746
1746
1747
1748
1748
1748
1751
1754
1754
1757
1760
1761
1767
1767
1768
1768
1769
1773
1773
1773
1776
1776
1779
1779
1779
1782
1782
1785
1785
1788
1792
1795
1795
1796
1798
1798
1799
1801
1802
1802
1805
1808
1808
1811
1811
1812
1814
1817
1818
1821
1824
1824
1827
1831
1831
1832
1832
1834
1835
1837
1838
1841
1841
1844
1847
1848
1848
1849
1850
1851
1852
1855
1859
1862
1865
1873
1877
1877
1878
1878
1882
1887
1887
1887
1888
1889
1890
1891
1896
1899
1900
1904
1905
1909
1913
1916
1923
1924
1927
1933
1937
1940
1944
1947
1947
1948
1957
1957
1961
1961
1962
1964
1965
1965
1967
1971
1974
1977
1980
1983
1984
1986
1987
1989
1993
1993
1996
2011
2011
2012
2012
2013
2013
2017
2018
2019
2025
2028
2029
2039
2042
2043
2044
2044
2045
2061
2062
2062
2063
2063
2066
2067
2077
2077
2078
2079
2081
2082
2099
2099
2101
2106
2111
2113
2121
2125
2125
2126
2128
2129
2132
2138
2141
2142
2145
2151
2154
2158
2161
2162
2164
2168
2175
2176
2178
2182
2182
2183
2185
2185
2194
2195
2195
2203
2204
2204
2212
2215
2216
2227
2228
2231
2234
2238
2239
2245
2251
2251
2254
2255
2257
2260
2263
2266
2267
2267
2269
2274
2277
2277
2280
2289
2290
2292
2296
2299
2299
2302
2302
2305
2308
2315
2315
2316
2318
2318
2319
2328
2331
2332
2332
2334
2338
2338
2339
2347
2348
2349
2349
2351
2352
2352
2361
2362
2362
2363
2364
2365
2365
2366
2384
2385
2386
2386
2387
2388
2431
2432
2432
2433
2433
2434
2435
2436
2436
2437
2438
2439
2440
2440
2441
2441
2442
2443
2443
2444
2445
2445
2446
2447
2448
2459
2459
2460
2460
2461
2462
2465
2465
2468
2471
2475
2483
2488
2493
2501
2502
2505
2513
2514
2518
2522
2523
2535
2538
2546
2546
2550
2554
2557
2560
2563
2564
2567
2568
2575
2584
2584
2587
2587
2592
2593
2601
2601
2602
2617
2620
2620
2623
2634
2637
2646
2650
2653
2658
2662
2662
2666
2670
2676
2676
2680
2684
2684
2690
2696
2701
2710
2715
2720
2723
2735
2738
2742
2742
2743
2745
2746
2753
2757
2758
2769
2773
2777
2784
2792
2804
2812
2813
2818
2818
2819
2842
2849
2849
2854
2854
2855
2862
2865
2866
2877
2877
2880
2890
2890
2895
2903
2903
2904
2908
2920
2924
2932
2933
2938
2938
2947
2958
2958
2974
2977
2980
2981
2981
2992
2992
2995
2996
3001
3010
3023
3028
3028
3042
3042
3048
3048
3056
3060
3073
3073
3074
3076
3080
3084
3089
3098
3098
3102
3108
3108
3112
3116
3120
3120
3125
3125
3129
3129
3130
3132
3132
3139
3139
3146
3147
3150
3150
3159
3163
3164
3169
3169
3172
3176
3176
3185
3185
3193
3197
3197
3200
3211
3214
3215
3215
3216
3218
3222
3230
3231
3231
3235
3236
3242
3242
3243
3244
3245
3246
3248
3251
3255
3257
3260
3261
3262
3288
3289
3289
3290
3291
3291
3292
3293
3293
3294
3295
3298
3300
3300
3301
3302
3302
3303
3307
3311
3312
3313
3313
3318
3319
3319
3329
3330
3332
3333
3333
3336
3346
3347
3349
3350
3355
3356
3356
3359
3359
3371
3371
3374
3375
3377
3380
3391
3391
3392
3392
3394
3397
3400
3401
3403
3404
3408
3408
3421
3421
3422
3424
3424
3427
3428
3430
3431
3433
3434
3437
3440
3440
3444
3444
3447
3450
3450
3450
3453
3453
3456
3457
3459
3460
3468
3471
3472
3475
3486
3486
3487
3487
3488
3491
3492
3494
3498
3499
3499
3508
3511
3512
3516
3516
3519
3520
3520
3520
3521
3521
3522
3532
3537
3538
3538
3544
3545
3547
3548
3550
3553
3556
3560
3568
3569
3572
3573
3575
3576
3582
3582
3583
3583
3583
3590
3591
3591
3593
3594
3594
3595
3596
3602
3602
3606
3607
3609
3613
3613
3616
3619
3622
3626
3632
3633
3633
3634
3634
3635
3636
3642
3643
3643
3644
3645
3645
3658
3659
3660
3694
3694
3695
3696
3697
3697
3698
3699
3700
3700
3701
3702
3703
3703
3704
3705
3706
3706
3707
3708
3708
3709
3715
3715
3716
3719
3720
3721
3721
3722
3723
3724
3725
3726
3729
3730
3732
3733
3736
3737
3745
3747
3748
3749
3754
3755
3767
3768
3768
3769
3770
3770
3771
3771
3772
3772
3773
3774
3774
3775
3775
3776
3777
3777
3778
3780
3781
3783
3784
3789
3790
3791
3792
3793
3794
3796
3799
3799
3800
3803
3803
3804
3805
3805
3806
3806
3808
3809
3811
3812
3814
3815
3815
3817
3818
3820
3821
3821
3823
3824
3824
3827
3827
3827
3828
3830
3833
3834
3837
3840
3843
3847
3847
3850
3851
3853
3854
3857
3860
3860
3861
3863
3863
3864
3864
3865
3866
3866
3867
3867
3869
3870
3870
3872
3875
3876
3876
3879
3879
3879
3880
3880
3881
3881
3882
3882
3882
3883
3890
3890
3891
3893
3894
3894
3894
3896
3897
3897
3900
3900
3901
3903
3903
3904
3906
3909
3910
3910
3917
3920
3921
3921
3922
3922
3923
3924
3924
3926
3927
3929
3930
3933
3933
3933
3936
3936
3939
3939
3940
3942
3942
3946
3946
3946
3949
3950
3950
3954
3955
3955
3958
3959
3959
3960
3960
3960
3962
3966
3966
3966
3971
3972
3974
3975
3975
3976
3978
3978
3978
3981
3981
3984
3984
3985
3987
3987
3988
3988
3990
3990
3993
3994
3994
3995
3995
3996
3997
3999
4003
4003
4006
4006
4009
4009
4010
4010
4012
4012
4015
4016
4016
4017
4018
4019
4019
4020
4021
4022
4022
4023
4023
4025
4025
4028
4037
4037
4038
4039
4040
4040
4041
4042
4043
4043
4044
4044
4045
4046
4046
4047
4047
4048
4049
4049
4050
4050
4051
4051
4052
4056
4057
4058
4058
4059
4060
4061
4061
4063
4064
4065
4066
4067
4070
4071
4071
4073
4073
4074
4075
4082
4083
4084
4085
4086
4087
4087
4088
4089
4089
4090
4091
4092
4092
4093
4094
4095
4096
4098
4099
4099
4100
4108
4109
4110
4111
4112
4113
4114
4115
4116
4117
4117
4118
4120
4121
4122
4123
4125
4128
4136
4136
4137
4138
4139
4139
4140
4142
4143
4145
4146
4146
4147
4148
4149
4152
4155
4156
4158
4159
4162
4165
4165
4169
4173
4174
4180
4183
4185
4186
4187
4187
4187
4188
4189
4199
4200
4203
4204
4216
4216
4217
4217
4222
4226
4226
4226
4229
4230
4232
4232
4232
4236
4237
4237
4239
4243
4243
4243
4254
4257
4257
4258
4260
4263
4267
4267
4267
4276
4277
4277
4279
4287
4288
4288
4290
4295
4296
4296
4299
4299
4302
4302
4302
4305
4309
4310
4310
4313
4314
4317
4318
4321
4322
4322
4323
4325
4325
4326
4326
4328
4329
4329
4332
4332
4339
4340
4340
4341
4341
4341
4342
4342
4343
4343
4344
4344
4349
4350
4350
4351
4353
4353
4353
4354
4354
4355
4355
4359
4359
4360
4362
4363
4365
4366
4366
4367
4374
4375
4375
4376
4376
4377
4378
4378
4381
4381
4384
4384
4387
4387
4388
4388
4395
4395
4396
4396
4397
4397
4398
4399
4399
4400
4401
4402
4402
4410
4410
4411
4411
4412
4413
4413
4413
4414
4414
4415
4416
4416
4417
4417
4418
4419
4419
4420
4420
4420
4426
4426
4427
4427
4427
4428
4429
4429
4430
4432
4432
4440
4443
4443
4444
4447
4447
4447
4448
4448
4449
4449
4452
4452
4453
4453
4454
4454
4455
4456
4456
4457
4457
4458
4458
4459
4459
4461
4462
4462
4464
4465
4465
4466
4466
4474
4478
4479
4479
4480
4480
4481
4481
4489
4492
4493
4494
4496
4496
4497
4498
4499
4499
4500
4516
4517
4518
4518
4519
4520
4520
4521
4522
4522
4523
4524
4525
4525
4526
4527
4527
4528
4529
4529
4530
4531
4532
4532
4533
4534
4535
4549
4550
4550
4551
4552
4552
4553
4560
4562
4563
4564
4564
4565
4565
4569
4569
4570
4571
4571
4572
4572
4573
4574
4574
4575
4576
4576
4577
4577
4578
4579
4579
4580
4580
4581
4582
4583
4583
4584
4584
4585
4586
4586
4587
4588
4588
4589
4590
4590
4591
4592
4592
4593
4593
4594
4595
4595
4596
4597
4597
4598
4599
4599
4600
4601
4602
4602
4603
4604
4604
4605
4606
4606
4607
4608
4608
4609
4610
4610
4611
4611
4612
4612
4613
4614
4614
4615
4615
4616
4616
4617
4617
4620
4620
4620
4621
4621
4622
4622
4623
4623
4624
4624
4625
4625
4626
4626
4627
4627
4628
4628
4629
4630
4630
4630
4631
4631
4632
4633
4633
4633
4634
4635
4636
4636
4637
4637
4638
4639
4642
4642
4642
4643
4649
4649
4649
4650
4650
4651
4651
4652
4652
4655
4655
4656
4656
4657
4663
4663
4664
4664
4665
4665
4666
4666
4666
4667
4667
4668
4668
4669
4669
4669
4670
4670
4671
4672
4679
4679
4680
4680
4680
4681
4681
4682
4682
4683
4683
4683
4684
4684
4685
4685
4686
4686
4686
4687
4687
4688
4688
4689
4689
4689
4690
4690
4691
4692
4692
4693
4693
4694
4695
4695
4696
4697
4698
4704
4704
4705
4705
4709
4709
4710
4710
4710
4711
4711
4712
4712
4713
4713
4714
4714
4715
4715
4716
4717
4717
4717
4718
4718
4719
4719
4725
4728
4728
4729
4729
4729
4730
4730
4731
4731
4732
4732
4732
4733
4738
4738
4738
4741
4741
4742
4742
4742
4743
4743
4744
4744
4744
4745
4745
4747
4747
4748
4750
4750
4753
4754
4754
4755
4755
4756
4764
4767
4767
4770
4770
4771
4771
4771
4772
4772
4773
4779
4779
4780
4780
4780
4782
4782
4792
4793
4794
4794
4795
4796
4796
4797
4797
4798
4799
4799
4800
4800
4801
4801
4802
4802
4803
4804
4805
4812
4812
4813
4813
4814
4816
4817
4817
4818
4818
4819
4819
4820
4820
4821
4821
4827
4828
4828
4829
4829
4830
4831
4831
4831
4832
4832
4833
4833
4834
4840
4840
4841
4841
4842
4843
4843
4844
4844
4845
4845
4854
4854
4855
4856
4856
4857
4857
4858
4860
4861
4862
4862
4863
4863
4864
4883
4884
4884
4885
4886
4886
4887
4888
4888
4889
4889
4890
4891
4892
4892
4893
4893
4894
4895
4896
4896
4897
4898
4899
4899
4900
4901
4912
4913
4914
4914
4915
4916
4916
4917
4918
4919
4919
4920
4921
4922
4922
4923
4924
4925
4925
4926
4932
4933
4933
4934
4935
4936
4936
4937
4938
4939
4939
4940
4943
4943
4944
4945
4946
4946
4947
4957
4957
4958
4959
4959
4960
4961
4961
4962
4963
4965
4966
4972
4973
4973
4974
4975
4980
4980
4981
4981
4982
4983
4985
4986
4986
4990
4997
5001
5001
5002
5005
5005
5006
5008
5018
5019
5019
5021
5022
5024
5025
5028
5028
5031
5031
5034
5041
5041
5042
5042
5048
5048
5049
5049
5050
5050
5051
5052
5052
5054
5058
5058
5059
5061
5061
5064
5067
5070
5070
5071
5073
5074
5074
5076
5076
5077
5079
5082
5085
5090
5090
5090
5095
5095
5099
5100
5100
5102
5109
5109
5110
5116
5116
5117
5117
5119
5119
5120
5122
5126
5126
5129
5129
5132
5132
5135
5144
5144
5145
5145
5146
5146
5151
5151
5152
5152
5153
5158
5162
5166
5166
5169
5181
5182
5183
5183
5184
5185
5193
5193
5197
5198
5198
5199
5200
5201
5201
5202
5204
5208
5211
5215
5215
5218
5219
5219
5221
5222
5225
5225
5229
5229
5233
5244
5245
5246
5247
5247
5248
5248
5249
5249
5250
5250
5251
5252
5253
5257
5265
5266
5266
5267
5269
5270
5270
5271
5271
5272
5275
5276
5279
5279
5280
5280
5281
5281
5282
5283
5283
5284
5286
5286
5287
5289
5290
5291
5304
5305
5306
5307
5308
5309
5309
5310
5311
5312
5312
5313
5314
5315
5316
5317
5317
5318
5319
5320
5320
5321
5322
5323
5323
5324
5325
5326
5327
5328
5328
5329
5330
5330
5331
5332
5333
5334
5334
5336
5336
5346
5362
5363
5363
5364
5365
5366
5366
5367
5367
5368
5369
5369
5370
5370
5371
5371
5372
5373
5373
5374
5379
5380
5380
5381
5382
5386
5386
5387
5388
5389
5390
5391
5391
5392
5393
5393
5394
5396
5396
5397
5397
5399
5399
5402
5403
5406
5406
5409
5413
5413
5417
5419
5420
5421
5421
5422
5422
5423
5423
5426
5429
5429
5435
5436
5436
5436
5437
5437
5444
5444
5447
5447
5450
5451
5451
5452
5452
5453
5453
5460
5461
5463
5467
5467
5468
5470
5470
5471
5471
5473
5474
5474
5474
5476
5476
5479
5480
5482
5483
5486
5486
5489
5490
5492
5493
5493
5495
5496
5499
5504
5504
5505
5505
5506
5506
5507
5507
5510
5511
5513
5517
5517
5520
5520
5520
5527
5530
5531
5531
5533
5534
5534
5535
5535
5536
5536
5536
5537
5545
5546
5546
5548
5549
5549
5549
5551
5554
5555
5555
5558
5558
5559
5559
5560
5560
5561
5561
5562
5562
5563
5565
5565
5566
5566
5567
5574
5574
5575
5575
5579
5580
5580
5580
5583
5583
5584
5584
5592
5593
5598
5603
5604
5606
5606
5619
5620
5620
5621
5623
5623
5624
5624
5626
5627
5629
5634
5634
5636
5639
5640
5649
5655
5656
5656
5658
5659
5659
5661
5662
5663
5664
5668
5668
5671
5672
5675
5677
5678
5679
5680
5680
5681
5684
5689
5690
5690
5697
5698
5698
5699
5700
5705
5706
5707
5708
5708
5709
5710
5711
5712
5712
5714
5715
5716
5717
5718
5719
5720
5721
5722
5723
5724
5725
5726
5727
5729
5732
5736
5738
5740
5741
5741
5744
5745
5746
5750
5762
5766
5767
5767
5768
5769
5770
5771
5772
5772
5773
5774
5776
5776
5777
5778
5778
5779
5780
5780
5782
5782
5786
5786
5787
5788
5789
5790
5790
5791
5795
5795
5796
5798
5798
5801
5809
5809
5810
5810
5811
5812
5812
5813
5814
5814
5815
5816
5816
5817
5818
5819
5819
5820
5820
5821
5822
5823
5824
5825
5827
5828
5829
5829
5830
5831
5831
5832
5832
5834
5835
5837
5838
5838
5839
5840
5841
5844
5844
5847
5847
5848
5850
5851
5853
5854
5857
5857
5858
5869
5872
5876
5876
5876
5877
5879
5879
5884
5885
5891
5891
5896
5896
5906
5912
5918
5919
5922
5923
5926
5927
5929
5933
5935
5939
5942
5947
5948
5950
5951
5954
5955
5955
5958
5959
5959
5961
5962
5964
5968
5971
5971
5971
5972
5974
5974
5977
5980
5980
5983
5986
5987
5989
5990
5993
5993
5996
5996
5999
6000
6000
6001
6001
6002
6003
6003
6004
6004
6005
6005
6006
6008
6009
6009
6010
6011
6012
6012
6013
6013
6014
6015
6015
6016
6016
6017
6018
6018
6019
6019
6019
6021
6024
6025
6025
6026
6027
6027
6028
6028
6029
6029
6030
6030
6031
6032
6032
6034
6035
6035
6036
6036
6037
6037
6038
6038
6039
6039
6039
6041
6042
6042
6045
6048
6049
6049
6051
6051
6057
6058
6058
6059
6061
6064
6067
6068
6068
6072
6073
6073
6075
6076
6079
6079
6083
6083
6084
6086
6087
6089
6090
6090
6092
6093
6093
6097
6099
6100
6103
6107
6107
6108
6119
6123
6125
6126
6126
6127
6127
6128
6129
6130
6131
6132
6135
6135
6136
6137
6138
6138
6156
6157
6157
6158
6159
6159
6160
6161
6161
6162
6163
6164
6164
6165
6166
6167
6167
6168
6169
6169
6170
6171
6172
6172
6173
6174
6174
6175
6175
6176
6177
6177
6178
6179
6179
6180
6181
6181
6182
6183
6183
6184
6185
6185
6186
6187
6187
6188
6189
6189
6190
6191
6191
6192
6193
6194
6194
6195
6196
6196
6197
6198
6199
6199
6200
6200
6201
6202
6202
6203
6204
6204
6205
6205
6206
6207
6207
6208
6208
6209
6210
6210
6211
6212
6212
6213
6214
6214
6215
6215
6216
6217
6217
6218
6218
6219
6219
6220
6223
6224
6224
6225
6226
6227
6227
6228
6229
6229
6230
6231
6231
6232
6233
6233
6234
6234
6235
6236
6236
6237
6243
6243
6244
6245
6245
6246
6246
6246
6247
6247
6248
6248
6249
6249
6250
6250
6250
6251
6251
6252
6252
6253
6253
6253
6254
6254
6255
6255
6256
6256
6257
6257
6258
6258
6258
6259
6259
6260
6260
6261
6261
6261
6262
6262
6263
6265
6266
6276
6277
6277
6280
6280
6281
6281
6281
6282
6282
6283
6286
6287
6287
6288
6293
6294
6295
6297
6298
6298
6302
6304
6305
6307
6308
6308
6309
6309
6310
6310
6311
6311
6312
6312
6314
6314
6314
6315
6315
6316
6316
6317
6319
6320
6320
6320
6323
6323
6325
6328
6332
6332
6332
6335
6335
6338
6341
6341
6342
6342
6343
6343
6344
6345
6346
6348
6349
6351
6355
6355
6355
6356
6356
6358
6358
6361
6362
6362
6364
6364
6365
6367
6368
6368
6369
6370
6370
6371
6371
6372
6372
6373
6385
6386
6386
6387
6387
6387
6391
6391
6392
6393
6393
6395
6396
6397
6397
6398
6398
6400
6400
6401
6401
6402
6403
6404
6404
6406
6407
6407
6409
6410
6410
6419
6420
6420
6421
6421
6422
6422
6423
6428
6429
6429
6430
6430
6431
6431
6432
6437
6438
6438
6439
6439
6440
6441
6441
6444
6445
6445
6447
6450
6451
6453
6454
6456
6457
6457
6458
6460
6460
6461
6461
6463
6463
6466
6467
6467
6468
6469
6470
6470
6471
6473
6473
6474
6474
6476
6477
6480
6480
6481
6482
6483
6488
6489
6490
6490
6491
6491
6492
6493
6510
6510
6511
6511
6512
6513
6513
6514
6515
6516
6516
6517
6518
6519
6519
6520
6521
6521
6522
6523
6524
6524
6525
6526
6527
6527
6528
6529
6530
6530
6531
6532
6532
6533
6534
6534
6535
6536
6537
6537
6538
6539
6539
6540
6541
6541
6542
6543
6544
6544
6545
6546
6546
6547
6548
6548
6549
6550
6551
6551
6552
6553
6554
6554
6555
6556
6557
6557
6558
6559
6560
6560
6561
6562
6562
6563
6564
6564
6565
6565
6566
6567
6567
6568
6568
6569
6569
6570
6571
6571
6572
6572
6573
6573
6574
6575
6575
6578
6578
6579
6579
6581
6584
6585
6586
6588
6588
6589
6589
6600
6602
6602
6605
6606
6606
6607
6608
6608
6609
6609
6610
6611
6615
6615
6616
6616
6617
6618
6618
6619
6619
6620
6621
6621
6622
6623
6623
6624
6624
6625
6626
6626
6627
6628
6628
6629
6629
6630
6631
6632
6632
6633
6633
6634
6634
6635
6636
6636
6637
6638
6638
6639
6640
6640
6641
6641
6642
6643
6643
6644
6644
6645
6646
6646
6647
6648
6648
6649
6649
6650
6650
6651
6651
6652
6652
6653
6653
6654
6654
6655
6655
6656
6656
6657
6657
6657
6658
6658
6659
6659
6660
6660
6661
6661
6662
6662
6663
6663
6664
6664
6665
6666
6666
6667
6667
6668
6668
6669
6669
6670
6671
6671
6672
6672
6675
6675
6678
6678
6679
6679
6680
6681
6682
6682
6683
6690
6690
6691
6691
6693
6693
6696
6697
6697
6698
6699
6703
6703
6704
6704
6705
6705
6706
6706
6707
6709
6710
6710
6710
6712
6713
6713
6714
6714
6714
6715
6721
6721
6722
6722
6723
6725
6725
6726
6728
6729
6732
6737
6740
6740
6741
6743
6744
6746
6754
6754
6757
6757
6760
6760
6761
6763
6767
6767
6770
6770
6770
6771
6771
6772
6772
6780
6780
6780
6781
6781
6783
6783
6786
6786
6789
6790
6794
6795
6795
6796
6798
6798
6799
6802
6802
6810
6813
6816
6817
6817
6820
6821
6821
6821
6822
6822
6823
6823
6824
6824
6825
6825
6827
6827
6828
6828
6829
6830
6831
6833
6834
6834
6835
6837
6840
6841
6841
6849
6849
6852
6853
6853
6855
6856
6856
6859
6868
6870
6871
6877
6881
6881
6882
6883
6887
6894
6895
6895
6902
6903
6903
6912
6913
6913
6914
6917
6918
6918
6948
6948
6949
6950
6951
6951
6952
6952
6953
6953
6954
6956
6956
6958
6963
6965
6966
6967
6967
6975
6976
6976
6977
6986
6987
6988
6988
6989
6989
6993
6994
6994
6995
6995
6996
6999
7000
7000
7003
7006
7006
7007
7009
7009
7010
7010
7011
7012
7015
7016
7026
7027
7027
7028
7029
7030
7031
7031
7031
7032
7033
7033
7034
7034
7035
7038
7038
7039
7042
7042
7052
7052
7053
7053
7055
7055
7056
7057
7057
7058
7058
7059
7059
7060
7060
7061
7062
7062
7063
7066
7066
7067
7067
7068
7068
7069
7072
7072
7075
7076
7076
7077
7078
7082
7082
7085
7085
7086
7086
7086
7088
7088
7089
7091
7094
7097
7097
7100
7101
7103
7104
7107
7107
7108
7108
7110
7110
7111
7111
7112
7113
7113
7114
7114
7116
7117
7117
7119
7120
7120
7121
7122
7123
7123
7124
7124
7126
7126
7126
7127
7127
7129
7129
7132
7132
7132
7135
7135
7138
7139
7139
7140
7140
7141
7141
7142
7142
7142
7143
7143
7145
7145
7146
7146
7146
7147
7148
7148
7149
7149
7150
7150
7151
7151
7151
7152
7154
7154
7155
7155
7156
7158
7158
7159
7159
7161
7164
7165
7165
7165
7167
7170
7171
7171
7173
7177
7178
7180
7181
7181
7184
7184
7186
7189
7190
7190
7191
7191
7193
7194
7194
7196
7197
7199
7202
7203
7205
7206
7209
7209
7212
7213
7213
7214
7216
7216
7220
7220
7221
7224
7225
7225
7231
7235
7235
7236
7238
7239
7239
7241
7242
7242
7244
7245
7245
7250
7251
7256
7256
7257
7258
7263
7264
7265
7270
7271
7272
7273
7273
7275
7288
7289
7290
7290
7291
7291
7292
7293
7310
7311
7311
7312
7313
7314
7315
7315
7316
7317
7318
7319
7324
7325
7325
7326
7327
7328
7328
7329
7330
7330
7331
7332
7332
7333
7334
7334
7335
7336
7339
7343
7346
7349
7349
7352
7353
7355
7356
7356
7357
7358
7358
7359
7362
7362
7373
7374
7375
7375
7376
7376
7377
7378
7379
7379
7380
7381
7381
7382
7383
7383
7384
7385
7385
7386
7387
7387
7388
7389
7389
7390
7390
7391
7391
7392
7393
7393
7394
7394
7395
7396
7396
7397
7404
7405
7406
7407
7407
7408
7409
7410
7412
7412
7415
7425
7426
7426
7427
7427
7427
7428
7428
7429
7429
7430
7430
7430
7431
7431
7435
7435
7435
7436
7436
7438
7438
7439
7439
7439
7441
7441
7442
7442
7443
7444
7444
7445
7445
7447
7448
7448
7448
7449
7449
7450
7450
7451
7451
7451
7452
7460
7460
7461
7461
7462
7462
7463
7466
7467
7467
7467
7468
7468
7469
7469
7476
7477
7477
7478
7483
7483
7484
7484
7485
7485
7486
7486
7486
7487
7487
7488
7488
7489
7489
7489
7490
7491
7494
7494
7497
7500
7501
7501
7505
7505
7508
7511
7514
7514
7515
7515
7516
7517
7517
7518
7520
7521
7523
7524
7524
7527
7527
7530
7531
7531
7533
7534
7534
7535
7535
7537
7537
7537
7540
7540
7541
7541
7543
7544
7546
7547
7547
7548
7548
7549
7549
7550
7550
7551
7553
7554
7554
7557
7557
7558
7558
7559
7559
7560
7561
7561
7562
7562
7563
7563
7564
7564
7565
7565
7566
7568
7568
7569
7569
7570
7570
7571
7572
7572
7573
7573
7574
7574
7574
7575
7576
7576
7577
7577
7578
7578
7579
7579
7580
7580
7581
7581
7583
7583
7584
7584
7585
7585
7585
7586
7586
7601
7602
7604
7607
7608
7610
7611
7614
7620
7621
7621
7623
7624
7626
7627
7627
7628
7629
7629
7630
7630
7631
7631
7631
7636
7637
7637
7638
7638
7639
7639
7646
7646
7647
7648
7648
7649
7649
7650
7659
7660
7661
7661
7662
7663
7664
7665
7665
7666
7667
7669
7670
7673
7673
7674
7676
7677
7678
7680
7680
7683
7687
7687
7688
7689
7694
7697
7697
7698
7699
7699
7700
7701
7702
7706
7706
7709
7721
7721
7722
7722
7723
7724
7724
7725
7725
7726
7727
7727
7728
7728
7729
7730
7730
7731
7732
7745
7745
7746
7746
7747
7748
7748
7749
7750
7750
7751
7751
7752
7753
7753
7754
7755
7755
7756
7757
7757
7758
7759
7767
7768
7768
7769
7769
7770
7771
7774
7774
7775
7775
7777
7778
7779
7779
7780
7780
7781
7782
7782
7783
7784
7785
7786
7786
7786
7789
7790
7792
7792
7795
7796
7796
7798
7799
7799
7800
7800
7801
7802
7802
7807
7807
7811
7811
7814
7814
7815
7817
7818
7818
7819
7819
7821
7821
7824
7825
7828
7829
7829
7830
7836
7837
7837
7838
7838
7838
7839
7839
7840
7840
7841
7841
7842
7842
7842
7843
7843
7847
7848
7848
7849
7849
7856
7857
7857
7858
7858
7859
7862
7868
7871
7874
7878
7878
7881
7884
7884
7894
7894
7894
7895
7895
7896
7896
7897
7900
7900
7905
7906
7906
7910
7911
7911
7911
7912
7913
7916
7920
7920
7920
7922
7926
7926
7927
7929
7932
7932
7933
7935
7939
7940
7940
7943
7947
7951
7951
7952
7954
7958
7959
7961
7969
7970
7970
7979
7980
7981
7982
7983
7986
7986
7987
7989
7989
7990
7990
7991
7992
7997
7998
7998
7999
7999
8000
8001
8002
8002
8003
8003
8004
8005
8007
8008
8011
8012
8012
8015
8016
8016
8017
8019
8020
8020
8021
8021
8025
8026
8027
8027
8030
8031
8035
8035
8036
8036
8038
8039
8040
8040
8047
8048
8048
8052
8053
8054
8055
8056
8065
8066
8067
8067
8069
8070
8071
8072
8073
8074
8079
8079
8080
8100
8101
8101
8102
8102
8103
8104
8105
8106
8111
8114
8115
8115
8116
8117
8120
8126
8133
8137
8142
8143
8144
8144
8146
8146
8147
8148
8149
8150
8151
8153
8156
8157
8158
8160
8163
8164
8165
8165
8166
8167
8167
8168
8169
8170
8172
8172
8179
8183
8184
8188
8189
8189
8192
8196
8197
8197
8200
8201
8203
8207
8210
8218
8219
8219
8221
8222
8225
8226
8234
8234
8234
8235
8237
8238
8246
8248
8249
8251
8253
8259
8261
8270
8270
8270
8271
8272
8273
8273
8276
8279
8283
8291
8295
8296
8298
8302
8305
8306
8306
8309
8310
8313
8325
8326
8326
8329
8329
8332
8335
8338
8341
8341
8342
8345
8346
8346
8349
8350
8350
8351
8355
8356
8359
8363
8363
8364
8371
8372
8372
8373
8384
8384
8385
8385
8386
8387
8392
8393
8394
8394
8402
8403
8405
8406
8411
8412
8415
8415
8418
8419
8419
8421
8425
8430
8434
8434
8437
8441
8441
8445
8445
8451
8451
8452
8458
8462
8465
8471
8475
8479
8480
8482
8482
8483
8486
8492
8493
8493
8494
8495
8495
8496
8498
8499
8502
8505
8508
8512
8512
8517
8523
8539
8541
8541
8542
8542
8543
8544
8544
8547
8549
8549
8553
8556
8556
8557
8557
8561
8561
8562
8563
8566
8566
8567
8569
8570
8572
8573
8580
8581
8581
8586
8587
8587
8590
8590
8595
8595
8596
8598
8599
8599
8601
8602
8605
8606
8606
8607
8608
8609
8610
8612
8615
8619
8619
8625
8634
8638
8638
8639
8641
8641
8642
8642
8644
8644
8647
8656
8656
8656
8659
8659
8660
8660
8660
8661
8662
8662
8665
8665
8666
8666
8667
8669
8670
8670
8671
8675
8676
8679
8679
8679
8682
8683
8695
8695
8695
8696
8698
8698
8699
8699
8699
8709
8709
8710
8715
8715
8715
8718
8721
8721
8722
8724
8727
8727
8728
8728
8736
8740
8740
8741
8741
8743
8744
8746
8749
8750
8757
8764
8764
8764
8765
8767
8771
8771
8771
8774
8778
8778
8789
8789
8789
8790
8792
8796
8796
8815
8815
8831
8831
8835
8835
8838
8844
8844
8845
8855
8855
8858
8858
8862
8866
8866
8869
8870
8875
8881
8893
8902
8903
8903
8904
8905
8906
8907
8908
8913
8913
8917
8918
8919
8922
8926
8927
8927
8928
8939
8940
8943
8944
8945
8945
8946
8947
8956
8957
8958
8970
8971
8971
8976
8977
8980
8990
8990
8994
8994
9003
9006
9009
9014
9014
9018
9022
9022
9025
9025
9029
9029
9029
9030
9032
9032
9036
9036
9036
9037
9037
9040
9040
9041
9041
9041
9043
9043
9044
9046
9046
9047
9049
9050
9050
9052
9056
9056
9056
9060
9060
9061
9063
9073
9073
9074
9074
9075
9075
9077
9077
9078
9082
9082
9091
9091
9092
9094
9094
9095
9097
9098
9098
9098
9100
9100
9103
9103
9103
9104
9106
9107
9107
9107
9110
9110
9114
9118
9118
9123
9123
9124
9124
9134
9138
9138
9139
9139
9140
9148
9148
9149
9149
9150
9150
9150
9156
9156
9157
9159
9159
9160
9160
9162
9166
9166
9179
9179
9182
9182
9185
9185
9188
9188
9191
9192
9192
9194
9195
9195
9198
9201
9205
9209
9213
9213
9221
9225
9225
9226
9229
9229
9230
9232
9235
9236
9240
9240
9244
9244
9251
9256
9256
9257
9268
9268
9269
9271
9271
9274
9274
9283
9283
9283
9287
9288
9288
9290
9291
9291
9292
9293
9300
9301
9302
9303
9304
9307
9311
9312
9313
9314
9315
9315
9319
9323
9324
9333
9335
9337
9340
9341
9343
9346
9347
9348
9358
9366
9367
9368
9368
9375
9375
9376
9377
9385
9385
9391
9392
9392
9394
9395
9396
9398
9402
9404
9405
9406
9407
9410
9418
9419
9419
9424
9425
9427
9428
9428
9431
9433
9434
9434
9436
9439
9440
9440
9442
9443
9443
9446
9446
9446
9449
9449
9450
9462
9462
9463
9465
9465
9466
9466
9467
9467
9468
9468
9468
9469
9469
9470
9470
9470
9471
9472
9474
9478
9481
9484
9485
9488
9488
9491
9491
9492
9492
9492
9494
9497
9501
9501
9504
9508
9508
9511
9514
9514
9517
9517
9518
9523
9524
9524
9527
9527
9528
9530
9533
9534
9534
9535
9537
9537
9540
9540
9541
9541
9543
9544
9544
9546
9547
9549
9550
9550
9552
9553
9553
9556
9556
9563
9564
9575
9579
9579
9580
9580
9582
9588
9591
9591
9592
9592
9594
9594
9597
9598
9601
9601
9603
9615
9615
9616
9616
9620
9621
9621
9621
9624
9625
9625
9632
9632
9632
9633
9633
9634
9634
9635
9635
9645
9645
9646
9647
9647
9648
9649
9654
9655
9656
9656
9657
9657
9658
9659
9663
9663
9664
9670
9671
9671
9672
9674
9675
9678
9678
9685
9685
9686
9686
9687
9687
9688
9691
9705
9705
9706
9706
9707
9710
9711
9712
9713
9717
9720
9721
9721
9722
9723
9723
9724
9725
9725
9726
9727
9728
9728
9732
9736
9737
9742
9742
9745
9746
9750
9754
9755
9759
9760
9760
9761
9762
9763
9779
9780
9780
9781
9782
9783
9783
9788
9788
9789
9790
9790
9791
9792
9792
9793
9794
9794
9798
9798
9799
9801
9802
9805
9821
9822
9822
9822
9823
9823
9824
9836
9837
9837
9838
9839
9839
9840
9841
9841
9845
9845
9848
9851
9852
9852
9854
9858
9859
9859
9868
9869
9870
9870
9871
9872
9883
9883
9884
9884
9885
9892
9892
9893
9893
9895
9896
9900
9912
9915
9916
9916
9917
9918
9922
9925
9929
9932
9935
9936
9940
9940
9941
9945
9948
9949
9949
9959
9959
9963
9963
9967
9967
9968
9968
9968
9969
9975
9981
9989
9990
9997
9998
10003
10007
10019
10020
10020
10022
10033
10043
10044
10053
10054
10057
10062
10063
10067
10068
10071
10076
10077
10077
10088
10089
10089
10091
10095
10101
10102
10102
10105
10106
10117
10118
10118
10119
10120
10121
10124
10124
10127
10139
10142
10146
10152
10159
10172
10173
10174
10191
10192
10192
10193
10203
10211
10212
10220
10222
10225
10226
10231
10236
10236
10249
10252
10255
10258
10259
10262
10265
10268
10272
10277
10282
10285
10290
10291
10307
10308
10308
10311
10311
10314
10322
10323
10323
10328
10329
10338
10345
10354
10365
10366
10370
10371
10385
10385
10386
10394
10395
10406
10411
10411
10431
10432
10432
10433
10433
10435
10438
10439
10442
10442
10445
10458
10458
10461
10461
10462
10475
10476
10479
10483
10484
10491
10496
10497
10497
10507
10512
10521
10534
10534
10544
10555
10556
10556
10557
10557
10558
10558
10569
10569
10582
10582
10583
10583
10594
10595
10596
10604
10605
10605
10606
10607
10625
10625
10626
10627
10627
10628
10632
10638
10645
10645
10662
10663
10665
10669
10669
10670
10671
10673
10682
10683
10688
10688
10689
10701
10714
10714
10719
10724
10725
10725
10726
10726
10727
10728
10739
10740
10742
10745
10745
10763
10771
10771
10771
10772
10776
10783
10803
10808
10812
10818
10818
10836
10837
10839
10846
10847
10852
10852
10861
10865
10870
10878
10883
10887
10887
10898
10903
10903
10904
10906
10906
10907
10907
10911
10911
10914
10918
10918
10921
10924
10929
10934
10942
10945
10949
10952
10956
10956
10956
10967
10976
10977
10977
10977
10979
10980
11002
11005
11008
11012
11020
11020
11021
11032
11032
11035
11035
11041
11052
11053
11056
11057
11057
11058
11070
11071
11071
11072
11073
11073
11082
11083
11087
11092
11093
11097
11101
11114
11114
11115
11117
11117
11121
11130
11137
11144
11167
11167
11177
11184
11196
11202
11202
11217
11221
11221
11226
11227
11232
11239
11239
11244
11244
11251
11265
11268
11271
11277
11278
11280
11283
11287
11290
11293
11297
11313
11314
11314
11315
11316
11319
11322
11326
11326
11329
11333
11333
11340
11340
11343
11343
11346
11347
11347
11349
11350
11352
11355
11356
11359
11359
11362
11362
11371
11372
11373
11373
11374
11374
11375
11377
11381
11381
11384
11384
11387
11399
11399
11400
11400
11401
11426
11426
11429
11444
11444
11445
11447
11447
11454
11459
11459
11466
11466
11475
11479
11479
11482
11485
11485
11489
11489
11494
11495
11498
11501
11507
11507
11511
11523
11535
11536
11538
11539
11541
11542
11542
11543
11549
11552
11555
11566
11595
11596
11597
11599
11600
11617
11618
11619
11635
11640
11646
11655
11658
11671
11677
11680
11685
11686
11689
11689
11692
11695
11696
11701
11705
11708
11714
11717
11720
11724
11728
11729
11729
11731
11734
11739
11743
11743
11750
11755
11765
11766
11766
11768
11771
11772
11774
11777
11781
11781
11784
11787
11787
11790
11790
11793
11796
11807
11810
11810
11810
11813
11816
11822
11828
11834
11837
11841
11842
11849
11850
11850
11853
11853
11856
11857
11860
11860
11863
11863
11866
11881
11881
11884
11884
11887
11888
11898
11899
11899
11911
11916
11916
11921
11922
11924
11927
11928
11930
11933
11937
11940
11940
11943
11943
11944
11946
11949
11950
11953
11953
11956
11959
11959
11962
11966
11966
11975
11976
11976
11978
11981
11982
11982
11985
11988
11991
11991
11994
11997
11998
12000
12004
12004
12004
12011
12023
12027
12028
12028
12039
12040
12040
12041
12042
12043
12044
12045
12046
12046
12056
12060
12063
12064
12066
12067
12068
12069
12070
12071
12072
12076
12076
12080
12086
12096
12096
12110
12110
12111
12113
12117
12120
12124
12129
12130
12133
12134
12137
12147
12148
12159
12163
12163
12167
12167
12170
12174
12177
12181
12181
12184
12187
12191
12192
12194
12198
12201
12201
12211
12212
12212
12214
12218
12218
12227
12228
12228
12229
12229
12230
12234
12235
12241
12242
12246
12249
12252
12255
12259
12262
12265
12268
12268
12271
12274
12279
12281
12285
12288
12291
12292
12292
12297
12298
12301
12314
12318
12318
12319
12319
12320
12320
12321
12321
12329
12329
12329
12330
12332
12332
12333
12335
12335
12338
12339
12342
12342
12348
12354
12357
12357
12361
12364
12364
12372
12373
12379
12379
12381
12382
12382
12383
12385
12386
12387
12388
12389
12389
12390
12390
12391
12392
12392
12395
12403
12403
12404
12404
12406
12407
12408
12410
12411
12414
12424
12431
12434
12438
12438
12441
12441
12442
12442
12444
12444
12445
12447
12451
12452
12461
12464
12464
12465
12474
12475
12476
12478
12479
12479
12482
12482
12483
12484
12484
12491
12492
12493
12495
12496
12497
12500
12503
12504
12511
12512
12513
12514
12514
12515
12516
12520
12521
12521
12522
12523
12523
12524
12526
12534
12535
12535
12536
12537
12538
12538
12544
12546
12547
12549
12553
12557
12560
12561
12561
12563
12567
12569
12573
12573
12574
12576
12576
12579
12580
12582
12583
12586
12590
12590
12602
12605
12606
12606
12606
12608
12613
12616
12622
12623
12633
12634
12637
12640
12643
12646
12647
12650
12651
12654
12658
12662
12665
12668
12671
12672
12679
12683
12684
12687
12687
12687
12690
12690
12693
12696
12700
12707
12709
12711
12712
12713
12715
12719
12719
12722
12726
12729
12732
12740
12751
12751
12751
12752
12754
12757
12758
12760
12763
12766
12767
12767
12770
12773
12777
12797
12797
12800
12807
12807
12807
12810
12813
12817
12821
12821
12825
12829
12834
12839
12844
12844
12849
12849
12853
12853
12859
12863
12874
12890
12901
12906
12907
12918
12921
12922
12922
12924
12926
12928
12929
12937
12949
12950
12951
12951
12958
12961
12962
12962
12963
12977
12977
12978
12979
12987
12987
12988
12991
12994
12994
13004
13004
13007
13013
13019
13019
13026
13026
13036
13039
13042
13045
13049
13049
13056
13060
13063
13066
13069
13073
13073
13077
13077
13089
13089
13094
13094
13099
13102
13107
13113
13113
13116
13121
13133
13137
13142
13157
13157
13160
13163
13166
13169
13170
13173
13176
13179
13183
13187
13187
13193
13197
13201
13201
13204
13208
13226
13226
13229
13232
13240
13245
13246
13254
13257
13266
13269
13270
13275
13276
13285
13286
13303
13303
13304
13305
13316
13317
13318
13319
13325
13328
13340
13341
13342
13343
13344
13351
13355
13369
13369
13375
13378
13384
13394
13398
13402
13406
13409
13413
13417
13424
13430
13433
13439
13442
13445
13448
13452
13459
13462
13465
13465
13468
13468
13471
13474
13475
13479
13479
13483
13483
13486
13489
13492
13497
13497
13500
13500
13501
13503
13504
13504
13507
13508
13508
13517
13517
13518
13525
13526
13528
13531
13534
13535
13537
13538
13541
13550
13551
13551
13552
13553
13556
13557
13559
13563
13563
13566
13569
13574
13580
13580
13586
13589
13590
13592
13595
13603
13606
13606
13609
13612
13613
13613
13614
13615
13619
13622
13625
13628
13629
13629
13631
13632
13634
13635
13635
13638
13641
13644
13645
13645
13647
13647
13650
13651
13653
13657
13657
13658
13658
13660
13663
13666
13669
13670
13673
13673
13674
13674
13676
13679
13679
13682
13685
13686
13690
13693
13695
13697
13699
13700
13700
13701
13702
13702
13703
13703
13704
13715
13715
13723
13724
13742
13742
13753
13754
13763
13763
13764
13768
13769
13772
13773
13778
13779
13779
13780
13781
13784
13794
13794
13795
13795
13796
13797
13797
13798
13798
13799
13801
13802
13803
13805
13809
13810
13817
13817
13818
13820
13823
13824
13826
13830
13838
13839
13842
13843
13846
13847
13847
13848
13849
13854
13854
13854
13856
13857
13860
13864
13864
13867
13867
13872
13875
13876
13876
13879
13880
13880
13882
13883
13890
13890
13891
13891
13892
13892
13893
13894
13909
13909
13910
13910
13919
13920
13920
13922
13929
13931
13933
13935
13937
13938
13938
13939
13940
13943
13946
13949
13950
13952
13953
13962
13963
13963
13965
13966
13973
13974
13977
13980
13985
13985
13989
13989
13993
13996
13997
14001
14005
14005
14015
14018
14021
14024
14027
14030
14039
14042
14045
14046
14046
14048
14054
14057
14058
14058
14061
14065
14070
14074
14074
14078
14081
14082
14082
14092
14093
14093
14095
14099
14106
14110
14113
14114
14118
14119
14119
14121
14124
14128
14131
14131
14134
14135
14139
14142
14153
14154
14164
14165
14165
14167
14168
14171
14179
14179
14182
14187
14190
14199
14205
14205
14206
14211
14219
14222
14225
14226
14242
14242
14244
14244
14247
14250
14253
14261
14262
14263
14267
14276
14277
14279
14280
14283
14287
14287
14290
14293
14294
14300
14301
14304
14317
14317
14318
14318
14319
14320
14323
14328
14332
14344
14345
14345
14349
14350
14357
14362
14363
14367
14368
14375
14378
14382
14387
14392
14397
14403
14409
14410
14417
14420
14436
14439
14440
14450
14469
14470
14483
14487
14488
14488
14489
14496
14497
14500
14501
14503
14507
14509
14512
14525
14525
14527
14528
14538
14538
14539
14541
14550
14553
14557
14557
14560
14569
14570
14572
14573
14575
14576
14579
14579
14581
14585
14588
14588
14591
14595
14599
14599
14603
14607
14608
14610
14611
14612
14620
14623
14624
14629
14629
14638
14642
14643
14646
14650
14651
14663
14663
14670
14671
14672
14672
14673
14674
14675
14677
14680
14683
14686
14686
14689
14689
14694
14694
14697
14700
14708
14709
14716
14717
14718
14727
14728
14728
14730
14735
14736
14747
14747
14747
14748
14752
14753
14753
14755
14759
14762
14765
14765
14776
14776
14779
14782
14787
14787
14787
14790
14795
14799
14800
14804
14804
14807
14807
14810
14814
14817
14823
14845
14845
14849
14850
14854
14859
14863
