0
504
507
508
510
512
513
521
522
523
524
525
525
527
528
529
530
531
532
533
534
535
536
537
538
539
540
541
542
544
545
545
547
551
552
553
554
555
556
557
558
560
561
562
571
575
578
579
581
582
583
584
585
586
587
591
592
595
596
596
599
599
600
601
602
603
603
604
605
606
609
611
612
613
615
616
619
622
622
626
626
627
629
630
632
636
637
638
639
642
652
655
656
658
659
660
662
662
665
668
669
671
672
673
674
675
677
679
679
683
687
687
703
703
719
720
721
735
736
737
742
749
754
755
756
759
761
761
762
763
765
766
766
767
767
770
773
774
786
790
791
793
799
800
801
811
818
819
823
824
834
835
835
845
846
847
847
848
848
849
850
852
854
855
864
865
865
868
869
869
871
872
874
874
874
876
891
891
892
892
892
894
894
897
906
907
911
911
912
914
922
924
924
925
926
928
929
932
933
941
945
946
974
975
978
978
982
985
987
989
992
994
995
997
998
1000
1001
1002
1003
1007
1008
1014
1015
1018
1029
1030
1032
1033
1035
1036
1066
1067
1068
1085
1104
1112
1116
1117
1120
1131
1145
1146
1157
1160
1169
1170
1171
1180
1187
1195
1198
1199
1200
1203
1219
1222
1223
1225
1227
1231
1235
1236
1238
1243
1250
1250
1273
1279
1296
1301
1303
1306
1311
1314
1317
1319
1327
1328
1330
1332
1333
1334
1336
1339
1342
1346
1346
1349
1352
1353
1354
1356
1357
1358
1361
1362
1362
1371
1375
1375
1376
1378
1380
1381
1382
1383
1384
1385
1386
1387
1388
1389
1390
1391
1395
1396
1398
1399
1400
1401
1402
1403
1404
1406
1407
1407
1408
1409
1410
1411
1412
1413
1414
1415
1416
1417
1418
1418
1419
1420
1421
1422
1423
1423
1425
1426
1426
1427
1428
1429
1430
1431
1432
1433
1434
1434
1435
1436
1437
1438
1439
1439
1440
1441
1442
1443
1444
1444
1445
1446
1447
1448
1449
1449
1450
1460
1461
1463
1466
1466
1467
1468
1469
1470
1472
1473
1475
1476
1477
1478
1479
1480
1481
1482
1483
1484
1486
1487
1487
1488
1489
1490
1491
1492
1493
1494
1495
1496
1497
1497
1498
1499
1500
1501
1502
1503
1504
1505
1506
1508
1509
1510
1510
1511
1512
1513
1514
1515
1516
1517
1517
1518
1519
1520
1521
1522
1523
1524
1525
1525
1527
1528
1528
1531
1532
1532
1533
1534
1535
1535
1536
1537
1540
1541
1542
1543
1544
1544
1545
1546
1547
1548
1549
1550
1550
1552
1553
1554
1554
1555
1556
1557
1558
1558
1559
1560
1561
1561
1562
1563
1564
1564
1565
1567
1568
1569
1570
1571
1571
1572
1573
1574
1575
1575
1576
1577
1578
1580
1581
1582
1583
1584
1585
1586
1587
1588
1589
1590
1590
1593
1594
1594
1595
1596
1597
1597
1598
1599
1600
1601
1601
1611
1612
1615
1615
1616
1618
1618
1619
1620
1621
1627
1628
1630
1631
1632
1634
1635
1636
1637
1637
1638
1639
1640
1641
1641
1642
1643
1644
1645
1645
1646
1647
1648
1648
1649
1650
1651
1652
1653
1654
1654
1655
1656
1657
1658
1658
1659
1660
1661
1662
1663
1665
1666
1667
1667
1668
1669
1670
1671
1671
1672
1673
1674
1675
1675
1676
1677
1680
1681
1684
1692
1692
1695
1696
1698
1701
1708
1709
1712
1713
1713
1714
1715
1716
1716
1717
1718
1718
1719
1720
1722
1723
1726
1727
1728
1728
1729
1730
1731
1732
1733
1733
1734
1735
1736
1736
1738
1742
1742
1743
1744
1745
1745
1747
1748
1748
1748
1749
1749
1753
1754
1754
1757
1757
1757
1760
1760
1760
1761
1771
1771
1775
1775
1778
1793
1794
1795
1797
1799
1800
1801
1803
1805
1806
1807
1807
1808
1808
1809
1809
1810
1811
1812
1813
1814
1815
1816
1818
1819
1820
1821
1822
1823
1824
1831
1832
1832
1833
1834
1834
1834
1835
1837
1837
1838
1838
1840
1851
1855
1855
1855
1856
1856
1857
1867
1868
1868
1869
1871
1872
1873
1874
1875
1877
1878
1879
1880
1881
1882
1883
1884
1885
1887
1888
1889
1890
1891
1892
1893
1894
1894
1894
1895
1895
1895
1896
1896
1896
1897
1897
1898
1898
1899
1900
1902
1903
1904
1905
1906
1906
1907
1907
1907
1908
1908
1908
1909
1910
1911
1912
1913
1915
1916
1917
1918
1919
1920
1922
1922
1923
1923
1923
1924
1924
1925
1925
1925
1926
1940
1941
1942
1943
1944
1945
1947
1948
1949
1950
1951
1952
1953
1954
1955
1956
1957
1958
1959
1960
1961
1962
1963
1964
1965
1966
1967
1968
1969
1970
1971
1972
1973
1974
1975
1976
1977
1977
1978
1979
1979
1980
1981
1982
1983
1983
1983
1984
1984
1984
1985
1985
1985
1986
1986
1986
1987
1987
1987
1988
1988
1988
1989
1990
1991
1992
1993
1994
1995
1996
1997
1997
1998
1998
1999
1999
2000
2000
2001
2001
2001
2002
2002
2002
2002
2003
2004
2011
2014
2014
2017
2017
2018
2018
2020
2023
2024
2024
2026
2027
2030
2030
2031
2031
2032
2034
2035
2035
2036
2038
2039
2040
2040
2041
2041
2041
2042
2042
2043
2043
2043
2044
2044
2045
2046
2046
2047
2049
2049
2049
2050
2050
2051
2051
2058
2059
2059
2063
2063
2064
2065
2065
2066
2066
2067
2068
2068
2069
2069
2070
2071
2071
2072
2091
2091
2094
2095
2095
2097
2098
2100
2104
2104
2111
2111
2114
2115
2115
2115
2116
2116
2117
2118
2118
2119
2121
2121
2121
2122
2122
2123
2123
2124
2124
2124
2125
2125
2126
2127
2127
2128
2128
2137
2138
2138
2138
2139
2140
2141
2142
2143
2144
2145
2147
2148
2149
2150
2151
2152
2153
2154
2156
2157
2158
2159
2160
2160
2160
2161
2161
2162
2162
2163
2163
2163
2171
2171
2175
2176
2182
2183
2183
2184
2185
2186
2186
2189
2189
2189
2190
2191
2192
2192
2192
2195
2195
2196
2196
2196
2197
2197
2198
2198
2199
2199
2200
2200
2202
2205
2205
2209
2210
2210
2211
2212
2214
2215
2215
2216
2216
2218
2218
2227
2228
2229
2230
2232
2233
2236
2237
2238
2239
2240
2241
2243
2252
2254
2255
2256
2257
2258
2261
2262
2263
2264
2265
2266
2267
2268
2269
2270
2271
2272
2273
2274
2275
2277
2277
2279
2280
2281
2284
2285
2286
2287
2289
2290
2291
2292
2293
2294
2295
2296
2297
2299
2301
2302
2304
2305
2307
2308
2309
2311
2314
2317
2318
2319
2320
2322
2323
2325
2327
2328
2329
2330
2331
2332
2333
2334
2335
2335
2336
2337
2338
2339
2339
2340
2342
2343
2344
2348
2349
2350
2352
2352
2353
2355
2356
2356
2357
2358
2359
2360
2361
2361
2362
2365
2365
2366
2367
2368
2369
2370
2370
2371
2372
2373
2374
2374
2375
2376
2377
2378
2378
2379
2380
2381
2382
2383
2384
2385
2385
2386
2387
2388
2388
2389
2390
2391
2392
2393
2393
2396
2397
2398
2399
2400
2400
2401
2402
2403
2404
2404
2405
2406
2407
2412
2413
2416
2416
2425
2426
2428
2429
2430
2431
2432
2433
2434
2434
2435
2436
2437
2438
2439
2440
2441
2441
2442
2443
2444
2445
2445
2446
2447
2448
2449
2450
2450
2451
2452
2453
2454
2455
2455
2456
2457
2458
2459
2460
2460
2461
2462
2463
2464
2464
2465
2466
2467
2468
2469
2469
2470
2471
2472
2473
2474
2474
2475
2476
2479
2480
2491
2492
2495
2496
2496
2497
2498
2504
2505
2506
2507
2508
2509
2780
2780
2780
2782
2785
2786
2842
2843
2846
2847
2847
2848
2848
2849
2850
2850
2850
2854
2860
2861
2861
2861
2863
2867
2867
2867
2869
2870
2870
2873
2873
2876
2879
2879
2880
2880
2882
2891
2901
2902
2902
2903
2903
2904
2904
2905
2909
2910
2913
2917
2917
2918
2918
2919
2919
2920
2920
2921
2921
2922
2922
2923
2923
2924
2925
2925
2925
2927
2928
2928
2930
2930
2931
2931
2934
2935
2935
2936
2937
2939
2940
2942
2943
2943
2945
2946
2946
2947
2949
2952
2952
2953
2953
2955
2955
2956
2956
2957
2958
2958
2961
2962
2971
2974
2974
2977
2980
2987
2990
2990
2991
2994
2994
2999
3000
3000
3001
3002
3002
3003
3003
3005
3006
3008
3009
3011
3018
3021
3024
3034
3034
3051
3052
3067
3071
3073
3074
3077
3077
3079
3080
3083
3086
3086
3092
3092
3093
3102
3113
3124
3132
3135
3136
3138
3141
3144
3145
3147
3149
3150
3152
3154
3157
3158
3158
3158
3159
3164
3164
3167
3167
3168
3176
3176
3180
3184
3185
3186
3187
3188
3189
3190
3190
3191
3191
3194
3194
3197
3198
3198
3201
3201
3211
3211
3215
3216
3219
3220
3221
3222
3223
3224
3225
3226
3228
3231
3232
3234
3235
3236
3236
3236
3237
3237
3237
3238
3239
3240
3241
3242
3243
3244
3245
3246
3247
3248
3250
3251
3254
3257
3258
3262
3263
3265
3266
3268
3269
3269
3273
3273
3274
3275
3275
3278
3291
3292
3292
3295
3296
3297
3298
3299
3301
3302
3303
3304
3306
3308
3315
3316
3318
3319
3321
3322
3323
3324
3325
3325
3325
3326
3326
3328
3331
3331
3334
3338
3338
3339
3340
3341
3342
3344
3350
3351
3351
3351
3356
3356
3357
3357
3359
3360
3362
3378
3381
3382
3382
3384
3388
3391
3392
3392
3392
3393
3394
3395
3395
3395
3396
3396
3397
3398
3398
3398
3400
3401
3403
3404
3407
3407
3410
3413
3416
3416
3419
3422
3425
3428
3429
3429
3431
3435
3452
3452
3453
3453
3453
3454
3455
3455
3458
3458
3458
3461
3464
3467
3467
3470
3470
3471
3473
3474
3474
3477
3479
3480
3483
3486
3491
3491
3492
3493
3496
3496
3497
3499
3499
3502
3502
3505
3512
3515
3519
3519
3522
3540
3540
3540
3541
3542
3543
3543
3546
3546
3546
3550
3552
3552
3555
3556
3556
3557
3558
3559
3559
3560
3560
3568
3569
3569
3570
3570
3571
3571
3572
3572
3573
3573
3576
3580
3583
3583
3584
3584
3586
3590
3590
3593
3597
3597
3600
3600
3601
3601
3601
3611
3614
3614
3617
3620
3623
3624
3624
3627
3630
3633
3633
3636
3637
3637
3638
3639
3639
3640
3642
3645
3646
3646
3649
3652
3652
3655
3655
3658
3658
3666
3669
3673
3674
3677
3681
3682
3683
3685
3686
3699
3700
3703
3704
3705
3706
3707
3708
3709
3710
3711
3712
3713
3714
3715
3716
3717
3718
3719
3720
3721
3722
3724
3725
3726
3728
3729
3730
3731
3732
3733
3734
3740
3741
3742
3743
3744
3745
3746
3747
3747
3749
3750
3751
3752
3753
3754
3755
3759
3760
3762
3762
3763
3764
3772
3773
3781
3782
3783
3784
3785
3786
3787
3787
3788
3792
3796
3800
3803
3807
3810
3814
3817
3821
3822
3823
3824
3824
3825
3826
3827
3828
3829
3830
3830
3831
3832
3833
3834
3835
3835
3836
3837
3838
3839
3840
3840
3841
3842
3843
3844
3845
3845
3846
3847
3848
3849
3849
3850
3851
3852
3853
3854
3855
3855
3856
3860
3861
3862
3863
3864
3865
3868
3868
3869
3870
3871
3872
3875
3876
3877
3878
3879
3880
3881
3882
3883
3884
3885
3886
3887
3888
3889
3890
3891
3892
3893
3894
3895
3896
3896
3897
3898
3899
3900
3901
3902
3903
3903
3904
3905
3906
3907
3908
3910
3911
3912
3914
3915
3917
3919
3921
3922
3924
3933
3934
3935
3936
3936
3938
3941
3942
3948
3949
3949
3951
3952
3952
3954
3955
3956
3957
3957
3958
3959
3961
3961
3962
3963
3964
3965
3966
3967
3968
3968
3969
3970
3971
3972
3972
3973
3974
3975
3981
3981
3983
3983
3984
3985
3986
3987
3988
3989
3990
3990
3991
3992
3993
3994
3995
3996
3997
3997
3998
3999
4000
4001
4002
4002
4011
4015
4015
4016
4017
4018
4019
4020
4021
4022
4022
4023
4024
4025
4034
4034
4037
4038
4039
4041
4042
4043
4044
4045
4046
4047
4048
4049
4050
4051
4051
4052
4053
4054
4055
4056
4057
4057
4058
4059
4060
4061
4062
4062
4063
4064
4065
4066
4067
4068
4069
4070
4070
4071
4072
4073
4074
4075
4076
4077
4078
4079
4079
4081
4081
4082
4091
4094
4094
4095
4097
4100
4101
4104
4104
4104
4104
4105
4107
4107
4107
4108
4110
4110
4111
4111
4111
4114
4114
4114
4115
4115
4115
4116
4117
4117
4117
4118
4118
4120
4120
4120
4121
4121
4121
4124
4127
4130
4130
4134
4134
4137
4137
4138
4140
4143
4154
4155
4156
4157
4158
4159
4160
4172
4173
4174
4175
4176
4177
4180
4180
4181
4181
4188
4189
4189
4190
4191
4191
4191
4192
4192
4193
4193
4194
4194
4194
4195
4199
4200
4201
4202
4204
4205
4206
4207
4208
4209
4210
4212
4213
4214
4214
4215
4215
4215
4217
4219
4220
4220
4223
4223
4223
4227
4227
4229
4230
4230
4231
4232
4232
4233
4233
4235
4235
4239
4251
4252
4254
4254
4255
4255
4256
4256
4257
4258
4258
4261
4262
4263
4264
4265
4267
4268
4269
4270
4271
4272
4278
4279
4280
4281
4282
4283
4284
4285
4285
4285
4286
4286
4287
4287
4287
4288
4288
4289
4289
4290
4293
4294
4296
4297
4299
4299
4302
4303
4305
4306
4308
4309
4312
4314
4315
4316
4318
4322
4342
4342
4343
4343
4343
4346
4346
4347
4347
4351
4352
4355
4356
4356
4357
4357
4358
4358
4358
4359
4359
4360
4360
4361
4361
4362
4362
4362
4363
4364
4364
4365
4367
4368
4369
4371
4372
4380
4381
4382
4383
4384
4385
4385
4388
4389
4389
4392
4392
4392
4393
4394
4394
4395
4395
4396
4396
4396
4397
4397
4398
4399
4400
4401
4401
4401
4411
4411
4414
4414
4417
4417
4418
4418
4419
4422
4424
4424
4425
4427
4428
4428
4430
4438
4438
4439
4439
4440
4440
4440
4441
4441
4442
4442
4442
4443
4443
4443
4444
4451
4451
4452
4452
4452
4453
4463
4464
4464
4465
4465
4469
4469
4470
4470
4471
4471
4472
4472
4473
4491
4491
4492
4493
4494
4495
4495
4496
4497
4498
4498
4501
4501
4508
4511
4512
4512
4512
4513
4514
4514
4514
4515
4515
4516
4516
4517
4518
4518
4519
4519
4521
4521
4529
4530
4530
4531
4531
4532
4532
4535
4536
4538
4539
4539
4539
4542
4542
4546
4546
4549
4549
4558
4558
4559
4559
4560
4571
4572
4572
4573
4573
4580
4580
4584
4584
4584
4587
4588
4588
4588
4589
4597
4597
4598
4598
4599
4599
4600
4600
4601
4601
4601
4602
4603
4606
4607
4607
4608
4610
4611
4613
4619
4620
4621
4621
4622
4623
4623
4624
4624
4628
4638
4639
4640
4652
4653
4656
4659
4662
4672
4676
4676
4677
4677
4680
4681
4681
4682
4682
4683
4683
4684
4686
4686
4687
4690
4697
4697
4700
4700
4701
4702
4704
4705
4705
4708
4708
4709
4712
4712
4715
4715
4716
4718
4719
4722
4722
4731
4731
4734
4735
4735
4736
4736
4738
4739
4739
4740
4740
4742
4742
4743
4743
4746
4746
4747
4748
4755
4756
4756
4756
4758
4758
4759
4759
4760
4760
4761
4761
4762
4762
4763
4763
4764
4764
4765
4765
4766
4766
4767
4770
4771
4771
4773
4782
4783
4783
4786
4786
4787
4787
4787
4796
4797
4797
4799
4800
4800
4803
4803
4804
4804
4805
4805
4819
4820
4827
4830
4837
4842
4843
4844
4845
4845
4846
4846
4847
4847
4848
4848
4849
4849
4850
4851
4851
4852
4852
4853
4857
4857
4860
4860
4861
4863
4863
4864
4866
4866
4869
4870
4870
4871
4878
4878
4879
4879
4880
4880
4881
4881
4882
4882
4882
4900
4900
4901
4903
4904
4905
4907
4908
4909
4910
4912
4913
4915
4916
4918
4919
4921
4923
4925
4926
4928
4929
4930
4931
4932
4934
4935
4937
4938
4939
4941
4941
4943
4944
4945
4946
4947
4948
4949
4950
4951
4952
4953
4954
4955
4956
4958
4959
4960
4961
4962
4963
4964
4965
4966
4967
4968
4969
4970
4971
4972
4973
4974
4975
4976
4977
4978
4979
4979
4980
4981
4982
4983
4984
4989
4990
4991
4992
4992
4993
4994
4995
4996
4997
4998
4999
5000
5001
5002
5003
5004
5005
5006
5007
5008
5009
5010
5010
5011
5012
5013
5014
5015
5016
5017
5018
5018
5019
5020
5021
5022
5023
5024
5025
5026
5026
5027
5028
5029
5030
5031
5032
5036
5037
5037
5038
5039
5040
5041
5042
5043
5044
5045
5046
5051
5052
5055
5055
5058
5059
5060
5061
5063
5063
5064
5066
5067
5069
5070
5071
5081
5082
5082
5083
5084
5085
5086
5087
5087
5088
5089
5090
5091
5092
5093
5094
5095
5096
5097
5098
5102
5104
5105
5106
5107
5108
5108
5109
5110
5111
5112
5113
5114
5114
5115
5116
5117
5118
5119
5119
5120
5121
5122
5123
5132
5135
5138
5139
5140
5142
5142
5145
5146
5152
5153
5154
5155
5156
5157
5158
5158
5159
5160
5161
5165
5166
5167
5168
5170
5170
5171
5173
5174
5175
5176
5178
5179
5180
5181
5182
5183
5184
5187
5189
5190
5191
5192
5193
5194
5195
5196
5197
5198
5199
5200
5201
5202
5203
5204
5205
5206
5207
5208
5210
5220
5221
5222
5223
5224
5225
5226
5227
5228
5230
5230
5231
5232
5233
5234
5235
5235
5236
5237
5238
5239
5240
5241
5241
5242
5244
5245
5248
5249
5250
5251
5252
5253
5254
5255
5256
5258
5261
5262
5263
5265
5268
5269
5274
5275
5277
5278
5279
5281
5291
5295
5296
5297
5298
5301
5303
5305
5306
5307
5308
5309
5310
5311
5312
5313
5314
5315
5317
5317
5319
5319
5320
5321
5322
5323
5324
5328
5329
5329
5331
5332
5337
5338
5815
5816
5819
5819
5819
5830
5831
5833
5834
5835
5836
5861
5862
5863
5866
5876
5879
5880
5881
5882
5882
5882
5883
5884
5885
5886
5887
5889
5890
5891
5892
5893
5894
5895
5895
5895
5897
5897
5901
5902
5903
5905
5906
5906
5908
5909
5910
5911
5912
5913
5914
5915
5921
5922
5931
5932
5935
5935
5936
5936
5936
5937
5937
5937
5938
5939
5939
5947
5947
5951
5953
5954
5957
5957
5957
5958
5958
5960
5960
5964
5965
5967
5968
5969
5970
5972
5974
5976
5976
5979
5983
5985
5988
5989
5991
5992
5995
5998
6001
6011
6014
6017
6026
6027
6029
6032
6033
6033
6033
6034
6034
6035
6035
6036
6040
6044
6046
6055
6060
6060
6063
6064
6067
6069
6091
6094
6101
6103
6107
6113
6126
6132
6132
6141
6141
6148
6150
6156
6178
6179
6180
6181
6182
6183
6190
6191
6192
6194
6195
6198
6199
6201
6207
6210
6211
6211
6214
6215
6218
6220
6221
6224
6225
6227
6228
6228
6230
6233
6234
6251
6255
6256
6257
6260
6260
6264
6264
6265
6265
6265
6271
6271
6272
6275
6275
6276
6276
6278
6278
6279
6281
6284
6290
6291
6294
6294
6297
6297
6300
6300
6303
6303
6304
6306
6317
6317
6317
6318
6320
6321
6331
6335
6337
6338
6339
6340
6341
6347
6347
6352
6352
6353
6353
6354
6355
6355
6362
6362
6363
6363
6364
6364
6365
6365
6365
6366
6375
6375
6380
6381
6382
6383
6384
6386
6387
6388
6388
6388
6389
6392
6393
6394
6394
6395
6395
6396
6396
6399
6411
6411
6414
6414
6415
6417
6418
6418
6420
6421
6428
6428
6432
6433
6434
6435
6436
6438
6439
6440
6441
6442
6443
6444
6445
6446
6447
6448
6448
6449
6449
6450
6450
6450
6451
6451
6453
6456
6457
6457
6460
6460
6463
6466
6466
6469
6473
6475
6479
6482
6482
6491
6494
6494
6495
6497
6497
6500
6501
6504
6505
6507
6510
6510
6513
6513
6514
6514
6516
6517
6517
6518
6519
6523
6526
6527
6529
6529
6532
6533
6535
6535
6538
6539
6539
6540
6542
6545
6545
6548
6555
6555
6555
6557
6560
6561
6563
6567
6572
6575
6576
6578
6579
6581
6582
6583
6584
6587
6588
6589
6590
6591
6592
6594
6595
6596
6597
6599
6602
6603
6604
6605
6607
6608
6609
6610
6611
6612
6614
6614
6616
6617
6618
6619
6620
6621
6623
6624
6625
6626
6627
6629
6631
6632
6634
6635
6637
6638
6638
6640
6641
6641
6642
6643
6644
6645
6646
6647
6648
6649
6650
6651
6651
6660
6661
6662
6664
6665
6667
6667
6668
6670
6671
6671
6673
6674
6675
6676
6677
6678
6679
6680
6681
6682
6683
6684
6686
6686
6687
6691
6693
6695
6696
6697
6698
6699
6704
6706
6707
6709
6710
6711
6712
6712
6714
6717
6720
6721
6722
6723
6724
6726
6727
6728
6732
6738
6739
6739
6740
6749
6751
6752
6753
6754
6755
6756
6757
6758
6759
6760
6761
6762
6763
6764
6765
6766
6767
6768
6770
6771
6772
6773
6774
6775
6776
6777
6778
6779
6780
6781
6782
6783
6785
6786
6787
6788
6789
6790
6791
6791
6792
6793
6794
6795
6795
6796
6797
6798
6799
6800
6801
6802
6803
6804
6805
6806
6807
6808
6809
6809
6810
6811
6812
6813
6814
6815
6816
6817
6817
6818
6819
6820
6821
6822
6823
6823
6824
6825
6826
6827
6828
6829
6830
6831
6832
6833
6834
6835
6835
6836
6837
6838
6839
6841
6842
6842
6843
6844
6845
6846
6847
6848
6848
6849
6850
6851
6852
6853
6854
6854
6855
6856
6857
6860
6861
6862
6863
6864
6865
6866
6867
6868
6869
6870
6871
6872
6873
6874
6876
6876
6879
6882
6891
6895
6895
6896
6898
6899
6905
6905
6906
6907
6908
6909
6911
6912
6912
6913
6914
6915
6916
6917
6917
6918
6919
6923
6924
6925
6927
6928
6928
6929
6930
6932
6933
6934
6935
6936
6937
6938
6940
6943
6946
6947
6949
6950
6953
6954
6955
6957
6957
6958
6959
6960
6961
6962
6971
6982
6983
6984
6985
6986
6987
6988
6989
6990
6991
6992
6992
6993
6994
6997
6997
6998
6999
7000
7001
7002
7003
7004
7005
7006
7007
7008
7009
7010
7012
7012
7013
7014
7016
7017
7018
7019
7020
7020
7021
7022
7023
7024
7025
7026
7027
7027
7029
7029
7030
7031
7032
7033
7034
7035
7035
7036
7038
7039
7040
7041
7061
7061
7062
7063
7064
7065
7066
7067
7068
7069
7069
7070
7071
7072
7073
7074
7076
7077
7078
7081
7081
7082
7083
7084
7085
7085
7086
7087
7088
7089
7090
7090
7090
7090
7091
7095
7095
7101
7101
7104
7104
7104
7105
7107
7110
7110
7111
7118
7119
7131
7131
7131
7132
7132
7134
7135
7135
7136
7136
7137
7138
7141
7141
7141
7142
7142
7144
7144
7144
7147
7147
7148
7148
7150
7150
7151
7156
7157
7157
7157
7158
7158
7160
7160
7161
7161
7162
7163
7163
7164
7164
7166
7167
7167
7167
7168
7175
7176
7176
7177
7178
7179
7179
7179
7180
7182
7191
7191
7192
7192
7193
7193
7194
7194
7194
7197
7197
7198
7198
7202
7203
7220
7220
7221
7221
7229
7229
7230
7230
7231
7232
7234
7238
7238
7239
7239
7241
7242
7242
7243
7245
7245
7246
7246
7247
7247
7248
7249
7249
7250
7250
7251
7259
7259
7260
7260
7261
7261
7270
7270
7271
7271
7272
7272
7272
7276
7276
7279
7279
7280
7291
7292
7294
7295
7298
7298
7301
7301
7304
7304
7307
7307
7308
7310
7311
7314
7314
7314
7315
7315
7317
7317
7317
7318
7318
7319
7320
7323
7323
7329
7332
7333
7333
7335
7336
7336
7345
7345
7346
7351
7352
7356
7359
7363
7375
7376
7377
7381
7382
7384
7385
7386
7387
7389
7391
7392
7393
7394
7394
7395
7395
7396
7396
7396
7399
7400
7400
7401
7401
7401
7403
7404
7405
7406
7407
7408
7409
7409
7410
7410
7411
7411
7412
7413
7414
7415
7415
7416
7418
7418
7418
7422
7424
7425
7427
7428
7428
7428
7430
7434
7434
7437
7437
7438
7438
7440
7440
7451
7451
7455
7458
7461
7461
7464
7465
7467
7468
7468
7469
7471
7472
7477
7477
7478
7479
7479
7480
7480
7480
7481
7483
7483
7484
7484
7484
7485
7485
7486
7486
7488
7488
7495
7495
7496
7503
7504
7505
7506
7507
7509
7512
7512
7513
7513
7514
7514
7515
7531
7532
7532
7533
7533
7534
7534
7534
7540
7540
7545
7545
7549
7549
7552
7553
7553
7553
7554
7554
7555
7555
7556
7556
7557
7557
7558
7559
7559
7562
7564
7565
7566
7566
7566
7567
7568
7568
7571
7571
7572
7574
7575
7575
7577
7578
7580
7581
7584
7584
7587
7587
7590
7590
7591
7593
7594
7594
7595
7596
7612
7615
7615
7616
7616
7626
7627
7627
7628
7628
7629
7629
7630
7632
7632
7632
7633
7635
7635
7638
7638
7639
7639
7639
7640
7640
7642
7652
7652
7653
7658
7658
7658
7659
7663
7663
7663
7664
7664
7665
7673
7673
7674
7674
7674
7675
7677
7677
7677
7679
7679
7680
7681
7682
7691
7694
7697
7698
7702
7703
7703
7708
7709
7709
7712
7712
7713
7713
7715
7715
7716
7716
7718
7723
7724
7724
7725
7726
7727
7727
7730
7730
7731
7731
7732
7733
7736
7737
7737
7737
7749
7749
7750
7753
7753
7757
7760
7762
7773
7776
7779
7790
7791
7792
7792
7792
7793
7793
7794
7794
7794
7795
7796
7797
7797
7797
7798
7798
7800
7801
7803
7804
7806
7807
7810
7814
7815
7816
7817
7820
7821
7822
7823
7824
7825
7827
7829
7830
7831
7834
7835
7837
7838
7839
7840
7841
7842
7843
7851
7854
7855
7858
7859
7860
7864
7868
7869
7870
7871
7872
7874
7875
7876
7877
7878
7881
7882
7883
7884
7886
7887
7888
7889
7890
7891
7892
7894
7895
7896
7897
7898
7899
7899
7900
7900
7900
7901
7901
7903
7904
7905
7907
7907
7908
7909
7910
7911
7913
7914
7917
7918
7919
7921
7922
7932
7933
7936
7937
7938
7939
7940
7941
7942
7944
7951
7951
7955
7955
7955
7956
7956
7956
7958
7959
7959
7961
7962
7962
7964
7964
7965
7966
7967
7968
7970
7970
7970
7971
7973
7974
7974
7976
7977
7977
7977
7979
7984
7985
7986
7987
7988
7990
7991
7992
7993
7994
7996
7997
7998
7999
8000
8002
8020
8021
8023
8024
8025
8026
8027
8027
8029
8029
8031
8032
8034
8034
8035
8036
8037
8039
8040
8041
8042
8044
8045
8046
8047
8047
8048
8049
8050
8051
8052
8053
8054
8054
8056
8057
8058
8059
8060
8061
8061
8062
8063
8064
8065
8066
8067
8068
8069
8070
8070
8071
8072
8073
8074
8075
8076
8077
8077
8078
8080
8080
8081
8082
8099
8099
8100
8101
8102
8102
8103
8104
8105
8106
8106
8107
8108
8109
8112
8113
8114
8114
8115
8116
8117
8117
8118
8119
8121
8121
8122
8124
8125
8127
8128
8129
8129
8130
8131
8132
8132
8133
8134
8135
8135
8139
8140
8141
8142
8143
8143
8144
8145
8146
8147
8147
8148
8149
8150
8151
8151
8152
8154
8155
8172
8172
8173
8174
8175
8176
8176
8177
8178
8179
8179
8180
8181
8188
8189
8191
8192
8193
8194
8195
8196
8197
8198
8199
8200
8202
8203
8204
8205
8206
8207
8208
8209
8210
8211
8212
8213
8214
8214
8215
8216
8217
8218
8219
8220
8220
8221
8222
8223
8224
8225
8225
8226
8227
8228
8229
8230
8231
8232
8233
8234
8234
8235
8236
8237
8238
8239
8239
8241
8242
8244
8252
8253
8254
8255
8256
8263
8264
8265
8267
8270
8273
8279
8280
8283
8283
8286
8287
8289
8289
8290
8298
8299
8300
8309
8310
8311
8312
8313
8314
8315
8315
8316
8317
8318
8330
8331
8332
8333
8333
8334
8338
8342
8344
8345
8346
8347
8348
8349
8351
8352
8354
8355
8357
8358
8359
8365
8368
8371
8372
8374
8374
8375
8375
8375
8377
8378
8380
8384
8387
8388
8388
8388
8389
8391
8394
8395
8395
8398
8398
8398
8411
8414
8415
8415
8417
8421
8428
8431
8431
8433
8433
8434
8434
8434
8435
8435
8436
8436
8437
8437
8438
8438
8441
8444
8445
8445
8446
8448
8451
8453
8454
8454
8455
8457
8458
8458
8458
8460
8463
8464
8467
8467
8467
8470
8470
8473
8473
8491
8491
8492
8494
8509
8509
8510
8510
8513
8514
8515
8517
8518
8518
8518
8519
8519
8520
8520
8520
8521
8523
8524
8526
8527
8528
8529
8531
8533
8534
8535
8537
8539
8541
8543
8544
8544
8544
8547
8547
8548
8548
8551
8554
8554
8554
8555
8558
8559
8560
8561
8562
8563
8564
8574
8575
8577
8580
8581
8584
8584
8588
8589
8592
8592
8592
8593
8594
8594
8595
8595
8598
8598
8598
8599
8601
8601
8603
8604
8607
8610
8610
8611
8613
8614
8623
8624
8624
8632
8632
8633
8635
8636
8636
8636
8637
8638
8639
8641
8651
8651
8655
8656
8658
8658
8666
8667
8671
8672
8675
8676
8677
8678
8679
8680
8681
8683
8684
8685
8686
8687
8688
8689
8691
8692
8693
8694
8695
8696
8697
8698
8699
8700
8701
8702
8703
8712
8713
8714
8715
8716
8717
8720
8721
8722
8723
8724
8725
8725
8726
8739
8740
8743
8743
8746
8749
8750
8750
8753
8755
8756
8757
8758
8759
8759
8762
8763
8763
8764
8764
8767
8767
8775
8775
8776
8776
8776
8777
8778
8779
8785
8786
8789
8790
8790
8790
8791
8791
8792
8792
8793
8794
8795
8798
8798
8801
8811
8814
8817
8820
8824
8824
8827
8830
8830
8833
8833
8834
8834
8835
8836
8836
8837
8837
8837
8838
8839
8840
8842
8843
8843
8844
8845
8849
8852
8852
8855
8856
8857
8859
8861
8865
8868
8871
8872
8874
8875
8875
8876
8877
8878
8878
8879
8882
8891
8892
8894
8895
8898
8898
8899
8899
8900
8901
8901
8901
8902
8909
8910
8914
8914
8915
8915
8916
8916
8919
8920
8920
8921
8921
8930
8930
8934
8934
8935
8937
8938
8938
8939
8939
8940
8948
8949
8950
8952
8953
8954
8955
8956
8957
8958
8961
8972
8974
8975
8976
8977
8978
8979
8981
8982
8984
8985
8986
8988
8988
8989
8991
8992
8992
8994
8995
8996
8997
8998
8999
9000
9001
9001
9002
9004
9005
9006
9008
9011
9012
9014
9017
9018
9019
9021
9024
9025
9027
9028
9029
9031
9032
9032
9033
9034
9035
9036
9038
9039
9041
9042
9051
9054
9054
9058
9059
9060
9064
9064
9071
9071
9072
9072
9072
9073
9073
9073
9074
9074
9074
9077
9077
9077
9078
9078
9078
9084
9087
9087
9088
9090
9090
9093
9094
9094
9094
9096
9097
9097
9100
9100
9103
9103
9106
9109
9109
9112
9113
9113
9116
9117
9119
9120
9121
9123
9131
9134
9137
9138
9142
9143
9150
9155
9156
9157
9158
9160
9161
9162
9163
9164
9165
9166
9168
9169
9170
9171
9172
9174
9175
9176
9177
9178
9179
9180
9181
9182
9183
9184
9185
9186
9187
9188
9189
9190
9191
9192
9193
9194
9195
9196
9197
9198
9199
9200
9201
9202
9203
9204
9212
9215
9216
9217
9217
9218
9219
9220
9221
9222
9223
9223
9224
9229
9230
9232
9233
9234
9235
9236
9237
9239
9240
9241
9241
9242
9243
9244
9245
9246
9247
9252
9252
9253
9254
9255
9256
9257
9257
9258
9260
9264
9264
9267
9267
9271
9272
9274
9275
9276
9277
9278
9279
9279
9280
9291
9291
9292
9294
9294
9295
9297
9298
9298
9298
9300
9301
9301
9310
9311
9311
9312
9312
9313
9313
9313
9316
9316
9317
9317
9319
9322
9323
9324
9325
9327
9327
9328
9329
9330
9330
9331
9332
9333
9334
9335
9336
9336
9338
9338
9341
9342
9343
9345
9345
9346
9347
9348
9352
9353
9353
9354
9354
9355
9355
9358
9359
9360
9372
9373
9375
9375
9378
9378
9378
9381
9381
9384
9384
9385
9387
9387
9387
9391
9392
9393
9394
9395
9396
9397
9397
9398
9398
9398
9400
9401
9402
9403
9407
9408
9409
9410
9411
9412
9413
9414
9416
9417
9418
9427
9427
9428
9428
9428
9429
9429
9430
9430
9430
9431
9432
9433
9433
9435
9436
9454
9455
9455
9455
9457
9457
9467
9467
9468
9468
9470
9471
9471
9477
9478
9481
9481
9482
9482
9484
9485
9485
9486
9486
9487
9487
9487
9489
9489
9490
9490
9492
9496
9496
9496
9497
9499
9500
9506
9511
9513
9517
9521
9523
9535
9536
9537
9539
9540
9541
9542
9543
9544
9545
9547
9548
9549
9551
9552
9553
9554
9555
9556
9557
9558
9559
9560
9561
9562
9563
9564
9567
9568
9569
9570
9574
9575
9577
9578
9579
9581
9582
9583
9584
9585
9586
9588
9590
9591
9592
9594
9594
9595
9597
9597
9598
9601
9603
9612
9615
9616
9617
9618
9619
9620
9621
9622
9624
9633
9634
9634
9636
9637
9637
9639
9640
9640
9642
9642
9643
9644
9645
9646
9647
9648
9648
9649
9650
9651
9652
9653
9654
9655
9656
9656
9657
9658
9659
9660
9661
9662
9662
9664
9664
9665
9667
9667
9668
9669
9670
9671
9672
9673
9674
9675
9676
9691
9692
9694
9695
9708
9708
9712
9713
9713
9715
9715
9716
9716
9717
9718
9718
9722
9722
9723
9723
9725
9726
9726
9726
9726
9727
9728
9731
9734
9735
9735
9735
9736
9747
9747
9747
9747
9748
9748
9749
9750
9750
9752
9753
9753
9754
9756
9757
9772
9773
9773
9774
9774
9774
9777
9777
9780
9781
9781
9783
9784
9786
9787
9790
9790
9791
9791
9791
9792
9793
9793
9794
9794
9795
9796
9797
9797
9799
9800
9800
9800
9801
9802
9803
9803
9805
9806
9806
9809
9809
9816
9816
9817
9817
9818
9818
9819
9819
9827
9831
9831
9833
9834
9834
9835
9835
9837
9851
9851
9854
9857
9858
9858
9858
9861
9862
9864
9865
9866
9869
9870
9871
9872
9873
9874
9875
9876
9878
9879
9880
9881
9882
9883
9884
9886
9888
9890
9891
9892
9894
9895
9896
9897
9898
9899
9900
9901
9902
9903
9904
9905
9906
9907
9908
9909
9910
9911
9912
9913
9914
9916
9917
9918
9919
9920
9921
9923
9924
9925
9926
9928
9931
9934
9934
9935
9936
9937
9938
9939
9947
9952
9955
9958
9958
9958
9959
9961
9961
9964
9965
9968
9968
9971
9974
9975
9975
9976
9978
9979
9979
9981
9982
9985
9985
9989
9989
9992
9992
9996
9996
9996
9997
9999
10000
10000
10019
10019
10023
10023
10026
10027
10030
10030
10033
10034
10034
10035
10035
10035
10037
10038
10038
10042
10045
10045
10046
10049
10049
10053
10054
10066
10067
10067
10068
10068
10068
10069
10070
10070
10071
10072
10093
10093
10094
10094
10095
10095
10097
10100
10100
10107
10108
10111
10112
10112
10112
10113
10113
10114
10114
10115
10115
10115
10117
10118
10118
10118
10119
10120
10120
10123
10123
10128
10130
10132
10133
10134
10135
10141
10142
10143
10144
10145
10147
10148
10149
10150
10152
10153
10154
10156
10157
10158
10159
10160
10161
10162
10163
10164
10165
10166
10167
10172
10173
10175
10178
10181
10182
10184
10185
10186
10187
10188
10189
10191
10192
10194
10197
10199
10200
10204
10208
10210
10211
10212
10213
10214
10216
10217
10218
10219
10220
10222
10222
10223
10224
10228
10231
10232
10233
10235
10236
10236
10237
10238
10239
10240
10240
10241
10252
10252
10253
10255
10256
10256
10257
10258
10259
10261
10262
10263
10264
10265
10265
10266
10267
10275
10276
10276
10278
10279
10280
10281
10282
10282
10284
10284
10285
10286
10287
10288
10289
10290
10290
10291
10292
10293
10294
10294
10295
10296
10297
10298
10299
10300
10302
10303
10305
10306
10307
10308
10308
10310
10311
10312
10312
10313
10314
10315
10315
10316
10331
10331
10332
10332
10334
10334
10335
10338
10338
10339
10347
10347
10347
10350
10350
10351
10355
10356
10357
10358
10359
10360
10362
10363
10366
10368
10369
10370
10371
10372
10373
10374
10375
10376
10377
10378
10379
10380
10381
10382
10383
10384
10385
10386
10387
10388
10389
10390
10391
10393
10394
10395
10396
10397
10398
10399
10400
10401
10402
10403
10404
10405
10406
10407
10411
10412
10415
10416
10418
10419
10420
10421
10421
10421
10422
10422
10424
10429
10430
10435
10436
10437
10438
10439
10440
10441
10442
10442
10443
10444
10445
10446
10447
10448
10449
10449
10450
10451
10452
10453
10454
10455
10456
10457
10457
10458
10459
10459
10460
10460
10460
10461
10461
10461
10462
10462
10462
10464
10465
10466
10467
10468
10469
10470
10470
10471
10477
10478
10479
10480
10481
10482
10490
10490
10490
10491
10491
10491
10492
10492
10494
10497
10497
10500
10504
10512
10513
10516
10518
10519
10520
10520
10521
10521
10523
10523
10523
10524
10524
10524
10525
10525
10527
10527
10530
10533
10537
10537
10538
10540
10548
10549
10549
10549
10550
10550
10557
10558
10558
10558
10559
10559
10560
10560
10561
10561
10571
10574
10575
10575
10578
10578
10579
10582
10582
10583
10583
10585
10586
10586
10587
10587
10589
10590
10590
10591
10591
10591
10592
10593
10594
10594
10595
10595
10597
10598
10604
10604
10605
10607
10607
10607
10608
10608
10611
10611
10611
10612
10612
10613
10615
10616
10622
10623
10623
10623
10624
10624
10625
10626
10627
10630
10630
10630
10636
10637
10637
10640
10640
10641
10652
10653
10658
10659
10661
10672
10674
10675
10676
10678
10679
10680
10681
10682
10683
10684
10685
10686
10688
10689
10690
10691
10692
10693
10694
10695
10696
10697
10698
10699
10700
10701
10702
10703
10704
10705
10706
10707
10708
10709
10710
10712
10714
10716
10717
10718
10719
10720
10720
10721
10722
10723
10724
10725
10725
10726
10727
10728
10729
10732
10733
10733
10735
10737
10738
10738
10741
10741
10741
10742
10744
10744
10747
10747
10751
10752
10752
10754
10754
10755
10755
10756
10756
10757
10757
10757
10758
10760
10760
10761
10761
10763
10768
10774
10775
10776
10777
10778
10779
10780
10782
10783
10784
10785
10786
10787
10788
10789
10791
10792
10793
10794
10795
10796
10797
10798
10799
10800
10801
10802
10803
10804
10805
10806
10807
10808
10809
10810
10812
10815
10818
10819
10821
10822
10828
10829
10831
10832
10834
10834
10835
10836
10837
10838
10839
10840
10841
10841
10842
10843
10844
10845
10846
10847
10848
10848
10850
10850
10857
10857
10860
10861
10861
10862
10863
10866
10867
10869
10872
10873
10875
10876
10892
10893
10893
10893
10895
10898
10901
10902
10910
10913
10914
10914
10914
10915
10916
10921
10922
10922
10923
10923
10925
10926
10926
10927
10927
10928
10928
10929
10929
10930
10930
10931
10931
10932
10932
10933
10933
10935
10936
10938
10939
10942
10945
10946
10949
10950
10950
10950
10951
10951
10952
10954
10957
10958
10958
10958
10959
10971
10974
10975
10975
10978
10981
10981
10985
10986
10991
10991
10992
10992
10993
10993
10996
10999
11000
11000
11001
11001
11001
11007
11008
11008
11011
11011
11012
11014
11015
11018
11021
11021
11024
11025
11028
11028
11029
11031
11051
11052
11052
11052
11053
11055
11058
11058
11059
11062
11065
11065
11069
11069
11077
11077
11078
11078
11078
11079
11079
11080
11080
11081
11081
11081
11082
11082
11083
11083
11084
11084
11084
11085
11085
11087
11096
11096
11097
11097
11097
11098
11098
11112
11113
11113
11115
11116
11119
11119
11120
11120
11139
11139
11139
11142
11143
11143
11145
11146
11146
11161
11162
11163
11164
11165
11166
11167
11171
11172
11174
11175
11218
11221
11222
11222
11226
11226
11227
11227
11228
11228
11228
11229
11229
11230
11230
11230
11231
11231
11231
11232
11232
11233
11233
11233
11234
11234
11234
11235
11235
11236
11237
11240
11241
11246
11251
11251
11252
11256
11259
11262
11263
11265
11271
11272
11275
11275
11279
11281
11291
11292
11294
11295
11298
11308
11313
11315
11315
11316
11316
11317
11317
11318
11318
11318
11319
11319
11320
11320
11320
11321
11324
11327
11332
11333
11334
11334
11335
11335
11350
11353
11356
11356
11357
11371
11375
11376
11377
11379
11381
11382
11389
11392
11393
11394
11396
11397
11398
11399
11400
11400
11402
11403
11404
11405
11405
11407
11409
11412
11413
11414
11415
11418
11421
11426
11428
11429
11430
11431
11432
11434
11435
11436
11438
11441
11442
11452
11452
11455
11455
11458
11459
11460
11461
11465
11465
11466
11467
11468
11469
11470
11471
11471
11472
11473
11474
11475
11476
11477
11478
11478
11479
11480
11481
11482
11485
11491
11491
11494
11495
11496
11498
11499
11501
11502
11503
11509
11512
11512
11513
11514
11515
11516
11516
11517
11518
11519
11520
11521
11521
11522
11523
11524
11524
11525
11526
11531
11535
11535
11538
11548
11549
11550
11551
11551
11552
11553
11554
11555
11556
11557
11561
11562
11563
11564
11564
11565
11566
11567
11567
11568
11569
11570
11571
11571
11572
11573
11574
11574
11575
11575
11576
11576
11577
11577
11577
11580
11580
11580
11580
11581
11581
11582
11583
11585
11586
11589
11589
11589
11590
11592
11592
11592
11593
11593
11595
11595
11596
11596
11596
11611
11612
11615
11616
11618
11619
11627
11627
11628
11630
11631
11631
11633
11634
11634
11635
11636
11637
11638
11638
11639
11640
11641
11642
11643
11643
11644
11646
11646
11647
11648
11649
11649
11650
11651
11652
11652
11653
11655
11658
11659
11661
11664
11664
11664
11667
11670
11670
11670
11673
11676
11677
11677
11677
11677
11679
11679
11682
11691
11691
11701
11701
11702
11702
11703
11703
11704
11704
11704
11711
11712
11712
11713
11717
11717
11718
11718
11719
11719
11721
11722
11722
11722
11723
11724
11725
11725
11726
11726
11727
11728
11728
11729
11731
11731
11733
11734
11743
11745
11746
11747
11749
11750
11751
11752
11753
11753
11754
11754
11755
11758
11758
11758
11759
11771
11772
11775
11775
11778
11778
11778
11779
11780
11784
11784
11788
11790
11790
11791
11791
11793
11794
11800
11800
11801
11801
11802
11802
11802
11803
11803
11804
11805
11806
11807
11807
11808
11808
11808
11809
11809
11810
11812
11813
11814
11816
11817
11818
11819
11821
11822
11823
11824
11825
11826
11828
11829
11830
11831
11832
11834
11835
11836
11837
11838
11839
11840
11841
11842
11843
11851
11854
11855
11855
11855
11857
11858
11858
11861
11861
11861
11864
11865
11866
11867
11868
11869
11870
11871
11872
11874
11875
11876
11877
11878
11879
11880
11881
11882
11883
11884
11885
11886
11887
11888
11889
11889
11889
11890
11890
11891
11892
11893
11896
11897
11898
11900
11901
11902
11903
11904
11905
11906
11907
11909
11913
11914
11916
11917
11918
11919
11920
11921
11922
11923
11932
11933
11935
11935
11937
11938
11939
11940
11941
11942
11943
11944
11945
11946
11947
11950
11952
11953
11954
11955
11958
11959
11960
11960
11961
11962
11963
11964
11965
11966
11967
11968
11969
11970
11971
11972
11973
11974
11974
11975
11976
11977
11978
11979
11980
11982
11983
11984
11984
11985
11986
11987
11988
11989
11991
11991
11992
11993
11994
11995
12035
12040
12040
12041
12041
12041
12043
12044
12044
12044
12045
12045
12045
12045
12046
12046
12047
12047
12047
12047
12048
12049
12049
12049
12049
12050
12050
12050
12051
12051
12051
12052
12052
12052
12053
12053
12053
12053
12054
12054
12054
12055
12056
12056
12057
12057
12057
12059
12062
12063
12063
12065
12066
12068
12069
12072
12072
12072
12073
12075
12076
12076
12077
12077
12078
12079
12079
12081
12098
12099
12099
12100
12100
12101
12102
12104
12108
12112
12113
12114
12116
12117
12118
12119
12120
12122
12123
12124
12125
12127
12128
12130
12131
12132
12134
12135
12135
12135
12136
12138
12138
12139
12141
12141
12142
12144
12144
12145
12145
12148
12150
12151
12152
12154
12155
12156
12157
12158
12158
12159
12159
12160
12160
12171
12171
12174
12174
12175
12182
12182
12183
12183
12184
12184
12189
12192
12192
12196
12197
12197
12198
12198
12198
12199
12199
12200
12200
12201
12201
12202
12205
12205
12205
12208
12208
12209
12211
12218
12219
12219
12220
12221
12221
12221
12222
12222
12223
12223
12224
12224
12225
12227
12227
12227
12230
12232
12234
12235
12236
12237
12237
12239
12259
12259
12260
12260
12261
12261
12261
12268
12272
12273
12275
12276
12277
12278
12280
12281
12282
12283
12285
12286
12287
12288
12289
12291
12292
12293
12294
12295
12296
12297
12298
12299
12300
12301
12302
12303
12304
12305
12306
12307
12308
12309
12310
12311
12311
12312
12312
12312
12313
12313
12332
12332
12332
12333
12333
12335
12335
12336
12336
12337
12337
12343
12344
12345
12346
12349
12352
12354
12355
12356
12357
12358
12360
12364
12365
12365
12366
12367
12368
12370
12371
12371
12372
12372
12373
12374
12374
12382
12384
12385
12387
12388
12389
12390
12391
12392
12393
12395
12396
12398
12399
12412
12415
12418
12422
12423
12429
12429
12430
12430
12431
12431
12431
12432
12432
12443
12444
12446
12447
12448
12449
12450
12451
12454
12455
12456
12457
12458
12459
12463
12468
12472
12473
12479
12480
12481
12482
12482
12484
12491
12491
12492
12494
12500
12500
12503
12504
12507
12507
12507
12510
12511
12512
12514
12515
12515
12523
12524
12526
12527
12542
12545
12548
12548
12551
12551
12554
12555
12555
12555
12557
12561
12572
12575
12576
12579
12585
12585
12586
12586
12591
12595
12595
12596
12596
12597
12600
12600
12601
12604
12604
12604
12605
12605
12606
12608
12611
12619
12620
12622
12623
12625
12635
12636
12637
12651
12654
12657
12661
12664
12669
12670
12672
12673
12675
12675
12676
12676
12679
12680
12680
12682
12683
12683
12686
12690
12691
12693
12696
12699
12699
12699
12702
12702
12705
12705
12708
12708
12709
12709
12711
12715
12716
12718
12719
12719
12721
12731
12732
12734
12737
12740
12744
12746
12749
12750
12750
12753
12753
12754
12754
12755
12756
12756
12757
12759
12760
12762
12763
12765
12766
12771
12773
12776
12777
12778
12780
12781
12782
12783
12786
12787
12789
12790
12794
12796
12797
12798
12800
12801
12812
12813
12814
12815
12816
12817
12818
12819
12820
12821
12822
12823
12824
12825
12826
12827
12828
12829
12830
12831
12833
12834
12835
12837
12838
12839
12840
12841
12842
12843
12844
12844
12845
12846
12848
12849
12850
12851
12852
12853
12854
12855
12857
12858
12858
12859
12860
12861
12862
12863
12864
12865
12866
12867
12868
12869
12870
12870
12871
12872
12873
12874
12875
12876
12877
12878
12878
12879
12880
12881
12882
12882
12883
12895
12898
12907
12908
12908
12909
12910
12911
12912
12913
12914
12915
12916
12916
12917
12918
12919
12923
12924
12931
12933
12935
12936
12937
12939
12940
12941
12942
12943
12944
12945
12946
12947
12948
12949
12950
12951
12952
12953
12953
12954
12955
12957
12958
12959
12960
12961
12962
12963
12964
12965
12966
12967
12968
12968
12971
12972
12973
12974
12975
12980
12981
12982
12984
12985
12986
12986
12987
12988
12989
12990
12992
12993
12994
12994
12995
12996
12997
12998
12999
13000
13000
13001
13002
13003
13004
13005
13005
13006
13007
13008
13009
13010
13011
13012
13012
13013
13014
13015
13016
13017
13018
13019
13025
13026
13027
13028
13029
13030
13031
13032
13032
13033
13034
13034
13035
13035
13035
13035
13036
13036
13036
13037
13038
13038
13038
13051
13051
13052
13064
13067
13067
13072
13073
13073
13074
13075
13076
13079
13080
13081
13082
13083
13084
13085
13085
13086
13087
13088
13089
13089
13090
13091
13092
13093
13094
13099
13099
13100
13101
13102
13102
13107
13108
13108
13108
13113
13114
13114
13115
13116
13117
13119
13119
13121
13131
13134
13135
13135
13137
13138
13149
13149
13150
13152
13153
13153
13153
13154
13156
13156
13156
13159
13159
13162
13162
13165
13166
13175
13176
13177
13179
13180
13182
13183
13186
13189
13191
13191
13192
13193
13194
13194
13195
13195
13197
13198
13198
13198
13200
13221
13221
13221
13222
13222
13225
13226
13226
13228
13229
13231
13232
13232
13235
13235
13236
13238
13239
13240
13241
13242
13244
13245
13246
13253
13254
13255
13256
13257
13258
13259
13260
13261
13262
13263
13264
13265
13270
13271
13272
13273
13274
13274
13275
13276
13276
13279
13290
13293
13296
13297
13299
13307
13308
13308
13310
13311
13319
13320
13321
13322
13322
13323
13324
13324
13325
13325
13325
13326
13327
13327
13328
13330
13330
13330
13333
13333
13336
13336
13339
13340
13340
13342
13343
13343
13353
13354
13354
13355
13355
13356
13356
13357
13357
13358
13358
13359
13362
13371
13372
13374
13375
13378
13378
13379
13379
13381
13381
13384
13384
13387
13387
13388
13391
13392
13393
13394
13397
13398
13398
13399
13400
13400
13401
13401
13401
13402
13403
13403
13404
13404
13405
13405
13406
13406
13407
13407
13407
13408
13415
13416
13418
13418
13419
13421
13422
13422
13422
13429
13429
13430
13430
13431
13432
13433
13433
13434
13435
13436
13439
13439
13439
13440
13440
13452
13453
13454
13455
13456
13457
13459
13460
13461
13462
13463
13467
13470
13474
13474
13474
13475
13475
13477
13477
13478
13478
13478
13479
13479
13480
13480
13481
13481
13482
13483
13484
13486
13487
13489
13490
13493
13496
13496
13497
13499
13499
13502
13502
13505
13514
13515
13518
13519
13521
13522
13522
13523
13532
13535
13535
13537
13541
13546
13549
13550
13553
13553
13554
13554
13555
13556
13557
13559
13560
13561
13562
13563
13566
13570
13573
13576
13579
13580
13587
13588
13590
13593
13594
13598
13600
13601
13602
13603
13611
13612
13615
13615
13616
13618
13619
13622
13625
13625
13626
13628
13631
13632
13633
13634
13634
13635
13636
13637
13638
13639
13640
13641
13642
13642
13643
13647
13648
13649
13651
13654
13659
13662
13663
13664
13664
13666
13667
13669
13670
13672
13673
13675
13691
13691
13692
13692
13692
13695
13696
13703
13703
13707
13707
13707
13708
13708
13710
13711
13711
13728
13728
13729
13729
13729
13729
13730
13730
13731
13731
13731
13732
13733
13734
13734
13734
13737
13737
13746
13746
13749
13749
13749
13750
13752
13752
13755
13756
13756
13759
13771
13772
13774
13775
13777
13778
13778
13779
13780
13781
13784
13787
13787
13790
13790
13791
13791
13792
13797
13800
13801
13801
13801
13853
13856
13856
13857
13857
13858
13858
13858
13859
13859
13860
13861
13862
13863
13865
13866
13867
13868
13869
13871
13871
13873
13874
13875
13876
13877
13877
13877
13878
13878
13878
13879
13879
13879
13880
13880
13881
13881
13881
13882
13882
13883
13884
13884
13885
13885
13885
13886
13886
13888
13888
13889
13897
13900
13901
13902
13903
13904
13904
13905
13905
13906
13906
13907
13909
13910
13913
13920
13920
13920
13922
13923
13931
13934
13938
13941
13941
13944
13948
13948
13948
13952
13952
13952
13953
13953
13955
13955
13955
13959
13961
13963
13964
13964
13966
13967
13970
13977
13977
13978
13978
13979
13979
13980
13980
13982
13983
13985
13986
13988
13989
13990
13992
13993
13995
13996
13999
14016
14017
14018
14019
14029
14030
14030
14035
14035
14036
14038
14038
14042
14043
14044
14044
14045
14045
14045
14048
14048
14051
14055
14056
14057
14058
14059
14063
14064
14065
14068
14068
14071
14072
14072
14091
14092
14093
14095
14096
14097
14098
14099
14100
14101
14103
14104
14105
14110
14111
14114
14116
14117
14118
14119
14120
14121
14122
14123
14124
14125
14126
14127
14128
14129
14130
14131
14132
14133
14134
14135
14136
14137
14138
14139
14140
14141
14142
14143
14144
14145
14146
14147
14148
14149
14150
14151
14152
14153
14154
14155
14156
14157
14157
14158
14159
14160
14161
14162
14162
14163
14164
14171
14175
14176
14177
14178
14178
14179
14182
14190
14191
14192
14193
14194
14195
14195
14196
14197
14198
14199
14199
14200
14201
14202
14203
14204
14205
14205
14206
14207
14208
14208
14209
14210
14211
14221
14222
14223
14224
14225
14227
14228
14229
14230
14231
14232
14233
14234
14235
14236
14236
14237
14238
14239
14240
14240
14251
14255
14256
14256
14258
14259
14260
14260
14264
14268
14269
14269
14270
14276
14277
14279
14280
14283
14284
14285
14286
14286
14287
14288
14289
14290
14290
14291
14292
14293
14294
14295
14295
14296
14297
14298
14298
14299
14300
14303
14304
14305
14306
14307
14307
14309
14310
14311
14312
14313
14314
14314
14316
14317
14318
14318
14319
14320
14321
14322
14332
14332
14335
14336
14338
14339
14339
14340
14346
14347
14348
14350
14350
14351
14352
14353
14353
14354
14355
14357
14358
14359
14360
14362
14363
14364
14365
14365
14366
14367
14368
14369
14369
14374
14375
14376
14379
14382
14383
14383
14383
14383
14384
14385
14392
14392
14392
14393
14395
14395
14395
14400
14411
14411
14415
14415
14417
14420
14421
14424
14424
14424
14425
14429
14429
14432
14432
14433
14433
14436
14436
14437
14438
14439
14440
14444
14444
14445
14445
14453
14453
14454
14454
14455
14457
14457
14458
14461
14461
14461
14464
14464
14465
14465
14474
14474
14475
14475
14476
14478
14478
14479
14498
14498
14499
14500
14500
14500
14501
14501
14508
14511
14512
14512
14513
14513
14514
14521
14522
14522
14523
14523
14524
14526
14527
14528
14529
14530
14531
14532
14532
14533
14534
14536
14536
14537
14539
14540
14543
14543
14543
14546
14546
14550
14550
14550
14553
14554
14554
14557
14571
14571
14572
14572
14575
14575
14576
14576
14578
14582
14582
14582
14583
14583
14585
14589
14596
14597
14598
14599
14599
14600
14600
14601
14601
14601
14602
14602
14603
14603
14604
14605
14606
14607
14608
14610
14611
14611
14612
14614
14615
14615
14618
14618
14621
14622
14622
14622
14625
14633
14634
14635
14636
14637
14638
14639
14640
14641
14642
14643
14644
14645
14646
14647
14652
14653
14654
14655
14656
14657
14658
14659
14660
14661
14662
14663
14664
14665
14666
14667
14668
14669
14670
14672
14673
14674
14675
14676
14677
14678
14679
14680
14680
14681
14682
14683
14684
14685
14685
14686
14687
14688
14689
14690
14691
14692
14692
14692
14693
14693
14693
14694
14695
14696
14705
14705
14706
14706
14708
14709
14713
14713
14713
14714
14714
14714
14715
14719
14720
14732
14733
14733
14734
14734
14735
14735
14735
14735
14736
14736
14738
14738
14741
14741
14744
14744
14747
14748
14751
14751
14752
14753
14754
14755
14756
14757
14758
14758
14759
14760
14761
14761
14762
14762
14762
14763
14763
14763
14764
14765
14766
14769
14770
14770
14770
14772
14772
14775
14775
14778
14779
14779
14781
14784
14785
14785
14785
14787
14788
14788
14791
14791
14794
14794
14795
14795
14797
14797
14798
14798
14800
14819
14820
14820
14820
14821
14822
14823
14823
14824
14824
14824
14825
14826
14826
14827
14827
14827
14829
14830
14832
14833
14835
14836
14838
14838
14839
14839
14839
14840
14840
14841
14841
14842
14842
14843
14845
14845
14845
14852
14852
14853
14853
14854
14855
14857
14858
14861
14864
14865
14865
14869
14869
14872
14875
14878
14879
14879
14882
14891
14891
14892
14894
14895
14895
14897
14898
14901
14901
14901
14902
14904
14904
14914
14914
14915
14915
14916
14916
14917
14917
14918
14918
14919
14919
14920
14920
14920
14921
14921
14922
14924
14924
14927
14928
14935
14935
14937
14938
14938
14938
14939
14940
14948
14948
14949
14949
14949
14951
14951
14954
14957
14958
14958
14978
14978
14979
14979
14980
14980
14980
14981
14982
14983
14985
14986
14987
14988
14988
14991
14991
14991
14992
14994
14994
14996
14997
14998
14999
15000
15001
15002
15003
15004
15012
15012
15013
15013
15014
15015
15016
15017
15018
15020
15021
15022
15023
15024
15024
15025
15027
15027
15028
15028
15030
15037
15038
15038
15039
15039
15051
15052
15052
15053
15055
15055
15056
15056
15059
15060
15062
15067
15070
15071
15071
15072
15072
15072
15073
15073
15074
15075
15075
15076
15076
15076
15079
15079
15079
15082
15082
15083
15091
15092
15094
15098
15099
15100
15102
15103
15104
15107
15108
15110
15111
15111
15112
15114
15114
15117
15119
15131
15133
15133
15134
15142
15142
15143
15144
15144
15148
15148
15149
15149
15153
15154
15155
15157
15158
15159
15160
15161
15162
15163
15164
15166
15167
15168
15169
15170
15171
15172
15173
15175
15175
15177
15178
15178
15179
15180
15182
15183
15184
15184
15186
15187
15188
15189
15190
15190
15191
15192
15194
15195
15196
15197
15198
15199
15200
15201
15202
15203
15203
15204
15205
15212
15212
15216
15217
15218
15223
15224
15225
15227
15227
15228
15230
15231
15231
15232
15233
15234
15235
15236
15236
15237
15238
15239
15240
15241
15242
15242
15243
15243
15244
15244
15245
15246
15248
15255
15255
15256
15258
15258
15261
15261
15264
15265
15265
15267
15267
15268
15278
15279
15280
15281
15282
15283
15284
15285
15286
15287
15288
15289
15290
15300
15301
15302
15303
15304
15305
15306
15307
15308
15309
15311
15312
15313
15314
15315
15316
15317
15318
15319
15320
15321
15322
15323
15325
15325
15326
15327
15328
15329
15337
15338
15339
15344
15345
15346
15347
15348
15348
15349
15350
15352
15353
15354
15355
15358
15359
15360
15361
15362
15362
15363
15364
15365
15371
15371
15374
15377
15384
15388
15391
15391
15394
15395
15396
15396
15397
15398
15399
15400
15400
15401
15402
15403
15406
15407
15410
15410
15411
15412
15415
15416
15419
15420
15422
15423
15425
15426
15428
15428
15429
15437
15438
15439
15440
15441
15452
15453
15455
15456
15456
15458
15459
15460
15461
15462
15464
15465
15466
15467
15467
15468
15471
15471
15472
15474
15475
15475
15476
15476
15477
15477
15477
15479
15482
15485
15492
15493
15494
15495
15496
15497
15499
15500
15501
15502
15502
15503
15504
15505
15505
15506
15507
15508
15509
15509
15510
15511
15512
15515
15515
15516
15518
15519
15519
15520
15521
15531
15531
15532
15534
15534
15535
15537
15538
15538
15546
15546
15550
15550
15551
15551
15552
15553
15554
15554
15555
15556
15559
15559
15560
15561
15562
15562
15563
15563
15563
15563
15564
15564
15564
15565
15565
15565
15566
15568
15568
15570
15574
15574
15577
15577
15578
15580
15580
15581
15581
15583
15584
15586
15589
15590
15590
15591
15592
15593
15594
15596
15596
15596
15597
15600
15601
15602
15603
15604
15605
15612
15612
15613
15615
15616
15617
15618
15619
15620
15621
15622
15623
15624
15625
15626
15627
15628
15636
15637
15638
15639
15640
15641
15642
15643
15644
15645
15646
15647
15648
15649
15650
15651
15652
15653
15654
15656
15657
15658
15659
15660
15661
15662
15662
15663
15664
15665
15666
15667
15668
15669
15669
15669
15670
15670
15671
15671
15674
15674
15675
15677
15678
15681
15691
15692
15692
15699
15703
15703
15704
15704
15705
15705
15706
15707
15712
15713
15714
15715
15717
15718
15719
15720
15721
15722
15724
15725
15726
15727
15729
15730
15731
15732
15734
15735
15735
15736
15736
15737
15737
15737
15738
15738
15738
15739
15741
15742
15742
15745
15746
15746
15747
15748
15748
15748
15749
15749
15751
15752
15755
15756
15758
15758
15771
15771
15780
15781
15781
15782
15783
15784
15785
15786
15787
15788
15789
15790
15791
15791
15791
15792
15793
15793
15794
15794
15794
15799
15799
15800
15800
15800
15801
15801
15802
15802
15810
15811
15813
15813
15816
15819
15820
15820
15821
15821
15822
15822
15823
15823
15826
15826
15829
15829
15832
15832
15833
15835
15838
15851
15851
15861
15862
15862
15865
15865
15866
15866
15868
15868
15869
15872
15872
15873
15873
15874
15878
15878
15879
15879
15880
15883
15884
15885
15888
15890
15891
15892
15894
15895
15896
15897
15898
15899
15900
15901
15902
15903
15905
15907
15908
15910
15914
15915
15916
15917
15919
15920
15921
15922
15931
15933
15935
15936
15937
15938
15939
15941
15942
15943
15945
15945
15947
15948
15948
15950
15951
15952
15953
15954
15955
15957
15958
15959
15960
15960
15963
15966
15969
15970
15971
15972
15975
15975
15978
15979
15981
15982
15985
15986
15988
15988
15991
15994
15994
15997
15997
15998
16000
16011
16011
16015
16015
16018
16019
16022
16022
16025
16025
16030
16031
16034
16035
16036
16037
16037
16038
16038
16039
16047
16047
16051
16052
16054
16056
16056
16056
16057
16058
16068
16068
16069
16072
16072
16072
16073
16073
16074
16074
16076
16076
16076
16077
16077
16079
16080
16091
16092
16096
16106
16107
16107
16108
16108
16108
16109
16109
16110
16110
16111
16111
16112
16113
16113
16114
16115
16116
16116
16123
16127
16127
16128
16128
16128
16129
16135
16136
16136
16137
16137
16140
16144
16144
16144
16145
16145
16146
16149
16153
16153
16156
16156
16159
16161
16162
16171
16171
16174
16177
16178
16178
16180
16181
16181
16183
16187
16187
16188
16190
16191
16192
16193
16194
16196
16196
16197
16197
16199
16200
16208
16208
16209
16209
16210
16213
16217
16217
16219
16220
16222
16223
16223
16226
16229
16229
16232
16232
16235
16235
16236
16236
16252
16253
16254
16255
16258
16259
16261
16262
16271
16272
16272
16273
16274
16277
16283
16284
16287
16292
16293
16294
16295
16296
16297
16298
16301
16304
16308
16309
16311
16314
16315
16332
16333
16334
16335
16337
16341
16344
16347
16356
16356
16357
16357
16357
16358
16358
16359
16369
16369
16369
16370
16370
16372
16375
16378
16381
16381
16390
16392
16394
16395
16396
16397
16397
16398
16398
16401
16411
16412
16414
16415
16417
16431
16432
16433
16434
16435
16436
16436
16439
16439
16440
16440
16441
16441
16441
16443
16444
16446
16447
16447
16450
16453
16454
16454
16457
16458
16460
16460
16461
16464
16464
16467
16467
16474
16479
16482
16483
16484
16485
16486
16487
16488
16490
16491
16501
16502
16504
16508
16509
16511
16514
16515
16516
16518
16519
16521
16522
16524
16525
16526
16527
16529
16539
16540
16541
16543
16545
16546
16549
16550
16550
16552
16571
16572
16574
16577
16584
16587
16593
16594
16595
16596
16597
16598
16598
16599
16600
16601
16602
16602
16607
16608
16609
16611
16611
16614
16615
16617
16618
16620
16623
16624
16626
16627
16634
16635
16638
16639
16640
16641
16642
16650
16656
16657
16660
16663
16666
16672
16672
16675
16676
16678
16682
16682
16683
16686
16687
16689
16693
16696
16699
16702
16703
16705
16708
16708
16717
16718
16730
16734
16734
16735
16737
16740
16743
16744
16745
16748
16752
16755
16759
16759
16762
16766
16769
16772
16775
16778
16781
16784
16787
16793
16793
16794
16794
16796
16799
16810
16814
16817
16825
16827
16828
16832
16833
16838
16839
16840
16841
16844
16845
16845
16847
16850
16858
16858
16863
16863
16866
16867
16869
16870
16872
16876
16878
16882
16892
16895
16898
16899
16901
16901
16902
16912
16912
16913
16913
16914
16915
16919
16925
16926
16934
16935
16937
16937
16938
16938
16939
16939
16940
16948
16948
16952
16953
16954
16955
16956
16958
16959
16960
16962
16963
16964
16974
16977
16983
16983
16987
16990
16994
16997
17000
17001
17004
17005
17006
17010
17011
17012
17013
17014
17022
17023
17023
17023
17024
17025
17025
17027
17031
17032
17034
17035
17037
17037
17038
17040
17051
17051
17055
17058
17059
17060
17061
17063
17064
17067
17070
17070
17074
17075
17082
17083
17084
17088
17090
17094
17096
17099
17102
17109
17110
17110
17119
17132
17133
17134
17135
17136
17137
17138
17139
17148
17150
17151
17152
17153
17154
17155
17156
17157
17158
17161
17162
17162
17163
17167
17168
17169
17170
17171
17180
17181
17182
17182
17187
17192
17193
17194
17195
17196
17198
17199
17200
17201
17211
17215
17216
17219
17219
17221
17229
17232
17233
17234
17235
17236
17236
17237
17239
17242
17243
17244
17246
17246
17265
17265
17269
17272
17273
17273
17276
17278
17282
17291
17291
17294
17295
17298
17298
17301
17301
17302
17302
17302
17304
17304
17304
17305
17305
17307
17317
17317
17318
17318
17319
17319
17320
17322
17326
17326
17327
17334
17334
17335
17335
17335
17336
17336
17337
17338
17338
17340
17341
17344
17344
17347
17347
17351
17353
17353
17354
17354
17355
17356
17357
17359
17360
17360
17372
17372
17375
17376
17376
17376
17377
17378
17379
17383
17384
17384
17387
17394
17395
17398
17398
17399
17399
17400
17400
17401
17401
17402
17403
17404
17404
17404
17407
17408
17408
17413
17414
17420
17420
17421
17421
17422
17429
17430
17430
17431
17431
17433
17433
17434
17435
17437
17437
17440
17440
17441
17451
17451
17451
17454
17455
17455
17456
17458
17458
17459
17462
17462
17463
17466
17467
17469
17472
17473
17477
17478
17479
17480
17481
17482
17483
17483
17486
17486
17490
17490
17494
17495
17496
17497
17499
17500
17501
17504
17506
17507
17509
17511
17512
17514
17515
17516
17517
17518
17519
17520
17521
17522
17532
17533
17535
17536
17538
17539
17540
17541
17542
17543
17544
17545
17546
17547
17551
17552
17553
17554
17555
17557
17557
17558
17559
17560
17561
17562
17563
17564
17566
17567
17568
17569
17570
17571
17573
17574
17575
17575
17584
17584
17594
17594
17595
17595
17596
17614
17615
17618
17628
17632
17635
17635
17636
17645
17645
17646
17647
17648
17648
17657
17658
17660
17668
17671
17671
17673
17674
17675
17676
17677
17679
17680
17681
17681
17682
17691
17694
17700
17700
17701
17703
17709
17717
17718
17718
17718
17719
17719
17720
17723
17726
17727
17729
17732
17735
17736
17736
17744
17744
17747
17747
17748
17751
17752
17753
17754
17755
17757
17758
17759
17760
17761
17762
17763
17764
17764
17765
17765
17771
17771
17772
17775
17776
17778
17779
17781
17783
17784
17785
17788
17788
17789
17790
17792
17794
17795
17796
17797
17798
17799
17800
17801
17802
17803
17804
17808
17809
17810
17811
17812
17813
17814
17815
17816
17817
17818
17819
17820
17823
17830
17831
17833
17836
17837
17838
17839
17840
17841
17842
17843
17852
17853
17855
17856
17857
17858
17859
17860
17861
17862
17864
17865
17866
17868
17869
17871
17871
17872
17878
17879
17880
17881
17882
17883
17883
17884
17885
17886
17887
17888
17889
17889
17891
17894
17906
17906
17907
17908
17909
17910
17911
17912
17914
17915
17917
17918
17920
17921
17932
17932
17933
17934
17935
17938
17939
17940
17948
17949
17950
17951
17951
17952
17957
17958
17961
17962
17962
17963
17964
17965
17965
17966
17967
17968
17969
17969
17970
17971
17975
17976
17983
17984
17985
17986
17987
17990
17993
17995
17996
17999
18002
18011
18011
18011
18014
18014
18014
18017
18021
18024
18024
18025
18027
18030
18031
18031
18031
18034
18034
18035
18035
18044
18044
18044
18045
18045
18047
18047
18049
18056
18059
18062
18063
18066
18068
18072
18072
18073
18077
18078
18092
18095
18096
18097
18099
18100
18101
18102
18103
18104
18107
18108
18109
18111
18115
18116
18117
18117
18118
18120
18122
18123
18125
18126
18127
18128
18128
18128
18129
18129
18130
18134
18135
18136
18137
18140
18143
18143
18143
18154
18155
18155
18155
18156
18156
18157
18157
18157
18158
18158
18158
18159
18163
18169
18173
18182
18183
18184
18185
18185
18186
18189
18190
18191
18192
18193
18194
18198
18199
18200
18201
18202
18204
18205
18206
18207
18208
18209
18211
18212
18213
18214
18215
18216
18219
18220
18222
18224
18225
18226
18227
18228
18229
18230
18231
18232
18233
18238
18239
18240
18241
18242
18242
18243
18252
18253
18254
18255
18256
18258
18258
18259
18260
18261
18262
18263
18264
18265
18265
18266
18273
18274
18275
18276
18277
18278
18279
18280
18280
18280
18281
18281
18281
18282
18282
18282
18283
18283
18284
18284
18284
18293
18293
18294
18294
18294
18296
18296
18299
18299
18303
18306
18309
18309
18312
18313
18313
18313
18315
18316
18316
18318
18321
18322
18330
18333
18336
18337
18337
18348
18351
18351
18352
18353
18354
18355
18356
18356
18362
18362
18363
18363
18363
18364
18365
18366
18372
18375
18377
18379
18379
18380
18380
18384
18385
18386
18387
18388
18390
18393
18394
18394
18399
18400
18401
18403
18404
18412
18417
18417
18424
18424
18425
18425
18426
18426
18427
18427
18427
18430
18432
18433
18434
18435
18437
18438
18439
18441
18442
18443
18444
18445
18446
18447
18448
18449
18450
18451
18456
18457
18458
18459
18460
18463
18464
18465
18466
18467
18468
18469
18470
18471
18472
18473
18475
18476
18477
18478
18478
18479
18480
18481
18482
18483
18484
18485
18486
18492
18493
18495
18496
18497
18498
18499
18500
18501
18504
18505
18507
18508
18511
18512
18514
18514
18515
18516
18517
18518
18518
18519
18520
18521
18522
18523
18526
18527
18529
18530
18531
18534
18535
18536
18537
18537
18538
18539
18540
18541
18542
18542
18543
18548
18548
18552
18553
18554
18555
18556
18557
18558
18560
18561
18562
18563
18564
18564
18572
18572
18574
18575
18576
18584
18584
18585
18589
18589
18590
18592
18594
18597
18598
18599
18600
18601
18602
18603
18604
18605
18607
18608
18609
18610
18611
18612
18613
18614
18614
18615
18617
18618
18619
18620
18621
18621
18622
18623
18624
18625
18628
18629
18630
18632
18632
18633
18635
18636
18637
18639
18639
18640
18641
18642
18643
18644
18652
18661
18661
18662
18663
18664
18665
18667
18668
18669
18670
18671
18672
18673
18674
18675
18676
18677
18678
18679
18680
18681
18682
18683
18684
18685
18685
18686
18687
18688
18689
18690
18691
18692
18695
18696
18696
18697
18698
18699
18700
18701
18702
18703
18704
18705
18705
18706
18708
18709
18710
18711
18712
18713
18715
18716
18717
18719
18720
18721
18722
18730
18734
18734
18738
18739
18741
18742
18744
18745
18748
18749
18751
18752
18758
18758
18761
18762
18762
18763
18764
18765
18766
18767
18768
18768
18769
18770
18771
18772
18773
18774
18775
18776
18777
18779
18780
18781
18781
18782
18784
18784
18785
18786
18787
18790
18791
18800
18801
18802
18803
18804
18804
18811
18811
18812
18812
18812
18814
18815
18815
18815
18817
18818
18818
18820
18821
18823
18824
18824
18827
18827
18827
18830
18830
18830
18833
18833
18833
18834
18836
18837
18837
18839
18849
18849
18850
18850
18852
18852
18855
18856
18856
18858
18859
18861
18862
18865
18865
18866
18868
18871
18874
18874
18875
18876
18877
18880
18891
18892
18892
18894
18895
18898
18898
18902
18902
18903
18904
18904
18904
18907
18907
18908
18908
18910
18911
18911
18918
18919
18919
18919
18920
18920
18921
18921
18922
18923
18925
18926
18927
18929
18931
18933
18934
18936
18936
18937
18937
18938
18938
18938
18939
18940
18944
18944
18944
18947
18949
18950
18951
18952
18952
18953
18955
18955
18958
18958
18959
18959
18961
18971
18971
18975
18983
18983
18983
18984
18984
18985
18985
18986
18986
18986
18987
18987
18988
18988
18989
18989
18990
18990
18990
18991
18991
18998
18998
18999
18999
19002
19002
19003
19003
19004
19004
19004
19005
19005
19006
19006
19007
19008
19009
19012
19012
19013
19015
19015
19015
19022
19026
19027
19028
19029
19031
19032
19033
19034
19035
19036
19037
19039
19040
19041
19042
19043
19044
19045
19046
19051
19051
19054
19054
19058
19059
19060
19061
19062
19063
19069
19073
19074
19075
19076
19077
19078
19080
19081
19082
19083
19084
19085
19086
19088
19089
19090
19091
19092
19093
19095
19096
19097
19098
19099
19100
19101
19102
19103
19104
19105
19107
19108
19108
19110
19111
19112
19113
19114
19115
19116
19117
19118
19119
19120
19121
19122
19123
19124
19125
19126
19132
19133
19134
19135
19136
19137
19141
19142
19142
19144
19145
19146
19147
19148
19150
19152
19154
19155
19155
19156
19157
19158
19159
19160
19161
19162
19163
19164
19165
19166
19167
19168
19169
19170
19172
19173
19174
19176
19177
19178
19179
19180
19183
19183
19184
19186
19189
19189
19190
19191
19192
19193
19194
19195
19198
19199
19200
19201
19202
19212
19212
19213
19215
19216
19216
19217
19219
19219
19220
19222
19229
19233
19234
19235
19236
19237
19238
19239
19239
19240
19241
19242
19243
19244
19244
19245
19246
19247
19248
19248
19249
19250
19251
19252
19252
19254
19254
19255
19257
19257
19259
19260
19261
19262
19264
19266
19267
19268
19273
19275
19281
19292
19298
19299
19299
19308
19308
19311
19311
19312
19314
19314
19315
19316
19317
19318
19318
19319
19320
19320
19324
19324
19325
19325
19325
19326
19326
19326
19327
19327
19327
19328
19329
19330
19330
19332
19333
19333
19333
19333
19335
19336
19336
19336
19339
19340
19341
19342
19343
19344
19345
19346
19346
19347
19348
19349
19350
19351
19351
19352
19353
19354
19355
19359
19360
19362
19363
19363
19364
19365
19366
19367
19368
19368
19369
19379
19380
19381
19382
19383
19384
19385
19386
19386
19387
19388
19389
19389
19390
19391
19392
19393
19393
19394
19395
19396
19396
19397
19398
19399
19400
19400
19401
19402
19402
19403
19404
19405
19406
19407
19408
19409
19409
19413
19414
19416
19417
19419
19420
19421
19422
19422
19423
19425
19425
19426
19426
19426
19427
19428
19428
19429
19432
19432
19433
19434
19435
19436
19437
19437
19439
19440
19440
19440
19441
19441
19441
19452
19452
19455
19455
19457
19458
19458
19461
19467
19468
19469
19469
19471
19472
19472
19473
19474
19475
19476
19477
19478
19478
19479
19480
19481
19482
19483
19483
19484
19485
19486
19487
19488
19489
19490
19492
19493
19495
19495
19496
19497
19498
19499
19499
19500
19501
19502
19503
19503
19507
19507
19508
19509
19510
19511
19512
19512
19513
19514
19515
19516
19517
19517
19518
19519
19520
19521
19522
19522
19523
19524
19525
19525
19526
19527
19531
19535
19538
19539
19539
19540
19541
19542
19547
19548
19549
19549
19550
19551
19552
19554
19555
19556
19557
19557
19558
19559
19560
19561
19562
19564
19565
19566
19567
19567
19568
19569
19570
19570
19571
19572
19573
19574
19574
19575
19576
19577
19578
19578
19579
19581
19584
19585
19586
19588
19589
19589
19590
19591
19592
19592
19593
19593
19594
19594
19594
19595
19595
19596
19612
19612
19613
19614
19614
19615
19616
19617
19618
19621
19622
19622
19622
19630
19630
19631
19631
19631
19632
19634
19636
19637
19638
19639
19640
19641
19641
19642
19643
19644
19645
19646
19647
19647
19648
19648
19649
19650
19651
19653
19654
19655
19657
19658
19659
19661
19662
19663
19665
19666
19667
19668
19670
19671
19673
19674
19675
19677
19678
19680
19681
19682
19683
19684
19685
19686
19688
19689
19690
19691
19692
19693
19694
19695
19696
19696
19697
19698
19699
19700
19701
19702
19703
19704
19705
19706
19707
19708
19709
19710
19712
19713
19714
19714
19715
19716
19717
19718
19719
19720
19721
19721
19722
19723
19724
19725
19726
19727
19728
19729
19730
19731
19732
19733
19734
19734
19735
19736
19737
19739
19740
19741
19741
19742
19743
19744
19745
19746
19746
19747
19748
19749
19750
19751
19752
19753
19754
19755
19756
19757
19758
19758
19759
19760
19761
19762
19763
19764
19765
19766
19768
19869
19944
19947
19948
19948
19948
19950
19951
19951
19958
19961
19962
19966
19966
19967
19967
19968
19968
19968
19969
19969
19969
19970
19971
19972
19972
19973
19975
19976
19976
19977
19978
19978
19982
19982
19982
19983
19983
19983
19984
19984
19989
19989
19990
19992
19993
19993
19994
19994
19999
20011
20011
20012
20012
20013
20014
20015
20015
20023
20023
20026
20029
20029
20030
20030
20033
20033
20034
20034
20039
20040
20040
20042
20048
20049
20051
20051
20056
20059
20059
20069
20072
20072
20072
20075
20075
20075
20078
20078
20090
20093
20093
20096
20096
20099
20100
20102
20103
20105
20109
20110
20112
20112
20115
20116
20116
20117
20117
20118
20118
20119
20119
20122
20123
20131
20132
20132
20133
20134
20138
20138
20139
20139
20148
20150
20151
20152
20153
20154
20155
20155
20156
20156
20157
20157
20157
20158
20158
20160
20160
20161
20171
20172
20172
20177
20178
20178
20180
20181
20181
20182
20184
20184
20187
20191
20194
20194
20195
20195
20196
20196
20205
20205
20206
20206
20207
20207
20208
20208
20208
20209
20209
20229
20231
20232
20233
20234
20235
20235
20235
20236
20236
20237
20237
20237
20238
20238
20238
20239
20239
20240
20240
20240
20241
20251
20251
20252
20254
20255
20255
20255
20257
20258
20260
20267
20267
20272
20274
20274
20275
20277
20277
20278
20278
20279
20280
20288
20289
20293
20296
20296
20297
20299
20303
20303
20303
20304
20305
20306
20309
20309
20309
20312
20315
20333
20333
20333
20334
20334
20335
20335
20335
20340
20343
20343
20347
20347
20347
20348
20348
20349
20349
20350
20350
20353
20353
20354
20355
20362
20363
20364
20365
20367
20368
20370
20371
20373
20374
20375
20375
20376
20376
20377
20377
20377
20378
20378
20379
20379
20379
20380
20387
20387
20388
20388
20388
20389
20389
20397
20397
20398
20398
20399
20399
20399
20400
20400
20401
20401
20401
20426
20426
20427
20427
20427
20435
20435
20436
20436
20436
20437
20438
20439
20446
20447
20447
20447
20449
20449
20452
20452
20453
20455
20456
20458
20460
20461
20466
20469
20470
20476
20477
20478
20479
20480
20482
20483
20484
20485
20486
20492
20493
20495
20496
20497
20498
20499
20500
20501
20502
20508
20508
20511
20512
20515
20516
20517
20518
20519
20520
20521
20522
20523
20525
20526
20528
20529
20531
20532
20533
20535
20535
20538
20539
20541
20542
20544
20547
20548
20549
20550
20551
20552
20554
20555
20556
20557
20557
20558
20559
20560
20561
20571
20572
20575
20578
20578
20582
20586
20589
20590
20591
20592
20593
20594
20595
20596
20597
20598
20599
20600
20601
20602
20603
20604
20604
20605
20606
20608
20611
20619
20620
20626
20628
20632
20632
20635
20637
20639
20640
20652
20652
20653
20655
20655
20656
20658
20658
20666
20667
20670
20671
20671
20672
20672
20672
20673
20673
20673
20674
20676
20679
20679
20679
20680
20680
20680
20681
20681
20681
20682
20686
20686
20692
20694
20695
20696
20697
20700
20701
20701
20702
20706
20707
20708
20708
20709
20710
20712
20713
20714
20715
20716
20717
20718
20719
20720
20720
20721
20722
20723
20724
20725
20732
20732
20733
20735
20736
20737
20737
20738
20739
20741
20745
20746
20747
20751
20752
20755
20758
20759
20759
20759
20760
20760
20760
20760
20761
20761
20761
20763
20763
20766
20775
20775
20776
20776
20776
20777
20777
20777
20778
20780
20780
20781
20789
20790
20790
20793
20793
20797
20797
20799
20812
20812
20813
20815
20815
20816
20817
20818
20818
20821
20827
20828
20829
20832
20833
20833
20834
20835
20836
20837
20844
20844
20847
20848
20849
20850
20851
20851
20852
20853
20854
20855
20855
20856
20857
20858
20859
20860
20861
20866
20867
20870
20871
20873
20874
20874
20875
20892
20892
20893
20894
20895
20896
20897
20897
20898
20899
20899
20904
20905
20908
20909
20914
20914
20917
20917
20920
20920
20920
20921
20921
20921
20922
20922
20922
20922
20923
20927
20930
20936
20939
20939
20942
20946
20946
20949
20952
20956
20956
20957
20959
20962
20971
20971
20974
20975
20975
20978
20978
20979
20980
20980
20981
20981
20981
20984
20984
20984
20992
21003
21008
21011
21014
21023
21026
21029
21032
21036
21038
21039
21039
21051
21051
21054
21054
21055
21055
21057
21058
21058
21061
21064
21070
21070
21071
21071
21072
21073
21074
21076
21077
21077
21078
21078
21079
21080
21082
21086
21089
21092
21093
21096
21097
21099
21102
21104
21108
21108
21111
21111
21114
21114
21115
21116
21118
21119
21131
21131
21134
21137
21138
21140
21144
21147
21147
21148
21150
21153
21154
21154
21162
21163
21165
21165
21166
21168
21169
21169
21170
21171
21172
21174
21175
21178
21181
21181
21184
21184
21187
21190
21194
21194
21211
21212
21212
21213
21213
21214
21217
21218
21221
21221
21221
21224
21227
21227
21230
21234
21236
21243
21247
21250
21254
21260
21264
21268
21271
21271
21277
21278
21291
21294
21294
21297
21308
21310
21321
21321
21322
21327
21336
21337
21337
21339
21343
21345
21354
21355
21357
21358
21359
21360
21361
21362
21372
21373
21381
21382
21384
21386
21387
21388
21393
21393
21396
21396
21398
21399
21399
21408
21408
21414
21416
21417
21425
21432
21433
21452
21454
21457
21458
21458
21459
21460
21464
21464
21464
21467
21467
21470
21470
21471
21471
21473
21473
21474
21476
21476
21477
21484
21484
21485
21489
21493
21493
21494
21494
21494
21502
21502
21503
21503
21505
21505
21508
21509
21509
21510
21512
21512
21512
21515
21515
21516
21518
21518
21519
21519
21530
21531
21533
21534
21534
21544
21547
21551
21552
21554
21555
21555
21557
21558
21558
21559
21560
21564
21564
21564
21567
21570
21570
21573
21574
21574
21577
21577
21577
21580
21580
21581
21581
21583
21583
21586
21590
21591
21593
21594
21595
21610
21611
21611
21611
21612
21613
21621
21621
21621
21622
21622
21626
21629
21629
21630
21631
21632
21633
21634
21637
21637
21637
21638
21639
21640
21641
21642
21642
21648
21649
21649
21650
21650
21656
21657
21659
21660
21661
21661
21667
21667
21670
21671
21671
21675
21675
21679
21679
21680
21693
21695
21697
21698
21699
21701
21702
21704
21705
21707
21708
21709
21711
21712
21714
21715
21716
21717
21718
21720
21721
21722
21723
21724
21725
21726
21727
21729
21730
21731
21732
21733
21734
21735
21736
21737
21739
21740
21741
21742
21743
21744
21746
21748
21749
21750
21752
21753
21754
21755
21756
21758
21759
21761
21772
21773
21776
21777
21779
21780
21781
21782
21783
21785
21786
21788
21789
21791
21794
21795
21796
21797
21798
21799
21801
21801
21804
21804
21805
21807
21808
21808
21810
21811
21814
21815
21816
21818
21819
21820
21821
21823
21824
21825
21825
21826
21827
21829
21830
21832
21833
21834
21835
21836
21837
21838
21839
21840
21842
21859
21859
21860
21863
21863
21864
21865
21868
21868
21869
21872
21878
21878
21879
21881
21882
21932
21932
21937
21938
21939
21940
21941
21941
21942
21943
21944
21944
21945
21946
21947
21948
21948
21949
21950
21951
21952
21953
21953
21954
21955
21956
21957
21960
21960
21961
21962
21963
21965
21966
21966
21968
21974
21974
21974
21975
21977
21977
21980
21980
21987
21990
21993
21994
21994
22012
22012
22013
22013
22014
22014
22015
22017
22027
22028
22030
22031
22032
22033
22034
22035
22035
22038
22038
22039
22039
22040
22040
22042
22045
22048
22052
22053
22054
22056
22058
22059
22062
22062
22065
22066
22068
22069
22072
22072
22073
22075
22076
22079
22079
22092
22097
22098
22100
22101
22102
22104
22107
22110
22111
22112
22113
22113
22114
22115
22116
22116
22121
22122
22122
22125
22125
22128
22128
22128
22131
22131
22132
22137
22141
22143
22145
22149
22150
22151
22152
22155
22158
22159
22161
22179
22180
22182
22185
22189
22190
22191
22194
22198
22203
22204
22205
22207
22208
22215
22215
22216
22217
22218
22219
22221
22225
22228
22228
22231
22235
22236
22250
22253
22253
22256
22259
22260
22262
22266
22267
22267
22269
22270
22271
22272
22273
22276
22277
22278
22279
22280
22280
22282
22282
22283
22285
22287
22288
22291
22291
22294
22302
22302
22303
22303
22304
22304
22307
22307
22309
22309
22312
22313
22315
22318
22321
22338
22339
22339
22340
22340
22341
22342
22348
22348
22351
22351
22352
22354
22355
22355
22357
22358
22358
22359
22360
22367
22367
22368
22368
22369
22369
22370
22371
22371
22371
22373
22377
22380
22380
22384
22388
22388
22391
22392
22411
22411
22412
22412
22413
22420
22420
22423
22423
22424
22426
22427
22429
22430
22437
22438
22438
22439
22439
22440
22440
22441
22441
22442
22443
22444
22447
22447
22448
22450
22453
22454
22454
22455
22456
22457
22459
22460
22462
22463
22466
22473
22473
22477
22477
22478
22478
22478
22479
22491
22492
22492
22494
22502
22502
22503
22503
22507
22507
22508
22508
22508
22509
22510
22513
22514
22514
22515
22516
22527
22528
22529
22530
22533
22534
22535
22536
22537
22539
22540
22542
22550
22550
22555
22557
22558
22561
22562
22563
22564
22572
22575
22577
22578
22580
22581
22581
22584
22587
22590
22593
22593
22597
22597
22598
22598
22599
22603
22604
22606
22609
22609
22614
22617
22622
22623
22625
22628
22629
22631
22632
22632
22636
22636
22637
22638
22652
22653
22657
22657
22659
22659
22662
22666
22669
22669
22672
22672
22673
22675
22676
22676
22678
22681
22685
22685
22694
22697
22701
22704
22705
22705
22705
22706
22708
22708
22709
22711
22712
22715
22718
22719
22722
22731
22741
22742
22743
22744
22747
22750
22753
22754
22754
22758
22759
22760
22760
22761
22761
22762
22763
22764
22766
22770
22773
22773
22776
22777
22779
22780
22781
22782
22785
22786
22788
22789
22792
22795
22796
22797
22798
22799
22801
22812
22813
22814
22817
22818
22818
22820
22821
22821
22823
22824
22833
22833
22834
22835
22837
22838
22839
22840
22841
22842
22843
22843
22844
22844
22844
22845
22847
22847
22850
22851
22853
22856
22856
22856
22860
22861
22864
22864
22867
22869
22869
22872
22872
22876
22877
22892
22892
22892
22893
22893
22895
22895
22895
22896
22896
22897
22897
22909
22910
22911
22915
22916
22919
22919
22923
22924
22927
22927
22928
22928
22929
22929
22930
22931
22939
22941
22942
22943
22945
22946
22947
22948
22950
22951
22955
22958
22959
22960
22961
22962
22963
22971
22974
22975
22977
22980
22980
22981
22983
22984
22985
22986
22989
22990
22993
22994
22995
22996
22997
22997
22999
22999
23000
23002
23003
23006
23009
23010
23011
23012
23013
23014
23015
23016
23018
23019
23020
23021
23022
23025
23025
23026
23027
23031
23038
23038
23038
23038
23039
23041
23041
23042
23060
23061
23062
23063
23064
23066
23067
23071
23075
23075
23077
23078
23079
23080
23081
23081
23082
23084
23085
23086
23087
23087
23089
23090
23091
23092
23093
23094
23097
23100
23101
23103
23104
23106
23108
23109
23110
23112
23112
23115
23116
23118
23119
23120
23122
23139
23139
23142
23143
23143
23144
23145
23145
23150
23150
23150
23151
23154
23154
23155
23155
23157
23158
23158
23164
23165
23166
23166
23170
23171
23171
23173
23174
23174
23174
23181
23185
23186
23186
23187
23187
23190
23193
23194
23197
23197
23197
23198
23200
23200
23201
23219
23220
23220
23220
23224
23225
23225
23226
23227
23227
23230
23231
23232
23234
23235
23236
23238
23239
23240
23241
23244
23245
23248
23249
23250
23252
23253
23254
23255
23257
23258
23259
23260
23262
23264
23265
23266
23267
23271
23274
23274
23275
23277
23278
23279
23280
23281
23282
23283
23284
23285
23287
23288
23289
23292
23293
23294
23295
23296
23298
23298
23299
23300
23301
23302
23303
23304
23305
23306
23307
23308
23309
23310
23311
23312
23313
23314
23314
23315
23316
23317
23318
23319
23320
23321
23322
23323
23324
23325
23326
23327
23328
23329
23330
23331
23331
23332
23333
23334
23335
23336
23337
23338
23339
23340
23341
23342
23342
23343
23344
23345
23346
23347
23348
23349
23350
23351
23352
23353
23354
23355
23356
23357
23358
23359
23360
23361
23363
23365
23365
23379
23380
23381
23382
23383
23384
23385
23386
23387
23388
23389
23390
23391
23394
23397
23399
23399
23401
23402
23403
23407
23408
23410
23411
23412
23413
23414
23415
23417
23418
23419
23420
23421
23422
23423
23424
23425
23426
23432
23433
23435
23436
23436
23438
23439
23440
23441
23442
23452
23453
23455
23456
23457
23458
23459
23459
23460
23461
23462
23468
23469
23470
23472
23473
23474
23475
23476
23477
23478
23480
23481
23481
23482
23483
23484
23486
23487
23488
23492
23492
23494
23495
23496
23497
23500
23504
23504
23505
23509
23510
23511
23512
23513
23516
23519
23520
23522
23530
23534
23537
23540
23541
23542
23548
23549
23550
23551
23552
23553
23554
23555
23556
23557
23562
23563
23564
23565
23569
23573
23586
23590
23598
23612
23614
23615
23618
23621
23627
23629
23629
23631
23632
23633
23634
23635
23639
23640
23641
23643
23644
23645
23647
23648
23649
23650
23654
23657
23658
23660
23661
23662
23664
23665
23667
23669
23670
23675
23676
23677
23678
23691
23695
23698
23701
23705
23706
23707
23708
23710
23711
23712
23713
23714
23715
23717
23719
23722
23723
23731
23732
23733
23734
23736
23737
23738
23745
23746
23747
23748
23751
23752
23753
23754
23755
23756
23757
23758
23759
23760
23761
23762
23762
23763
23772
23772
23774
23775
23776
23782
23783
23784
23785
23786
23789
23790
23791
23792
23793
23794
23795
23796
23797
23799
23800
23801
23802
23803
23803
23804
23805
23806
23808
23809
23810
23811
23812
23813
23814
23815
23816
23817
23818
23819
23820
23821
23823
23824
23825
23826
23832
23833
23834
23835
23835
23836
23837
23851
23852
23853
23854
23854
23855
23856
23857
23858
23859
23860
23861
23862
23863
23867
23868
23871
23872
23873
23874
23876
23877
23879
23880
23881
23882
23882
23883
23884
23885
23886
23887
23888
23889
23891
23892
23892
23893
23895
23896
23897
23898
23899
23902
23903
23904
23906
23907
23908
23910
23911
23912
23913
23914
23915
23916
23917
23918
23919
23921
23923
23924
23926
23928
23929
23930
23933
23933
23934
23937
23938
23939
23940
23941
23942
23943
23943
23945
23946
23949
23950
23951
23952
23953
23955
23955
23956
23957
23958
23959
23960
23961
23961
23962
23963
23964
23965
23966
23967
23968
23968
23969
23970
23972
23982
23983
23984
23985
23986
23987
23988
23989
23990
23992
23994
23994
23996
23997
23998
23999
24000
24010
24011
24012
24014
24016
24022
24024
24025
24026
24026
24027
24028
24029
24030
24031
24032
24033
24033
24034
24035
24036
24037
24038
24038
24039
24040
24041
24044
24045
24046
24047
24048
24049
24051
24056
24058
24059
24060
24061
24062
24063
24064
24065
24066
24067
24068
24069
24070
24071
24072
24073
24074
24075
24075
24076
24078
24079
24080
24082
24083
24085
24086
24093
24095
24098
24101
24105
24106
24108
24109
24110
24111
24112
24113
24114
24115
24116
24118
24119
24120
24121
24122
24123
24125
24127
24129
24130
24132
24133
24134
24135
24136
24136
24137
24138
24139
24140
24141
24141
24142
24143
24144
24145
24146
24147
24153
24154
24155
24155
24156
24157
24158
24159
24160
24162
24172
24174
24175
24176
24177
24178
24179
24181
24187
24188
24192
24193
24194
24195
24196
24197
24198
24199
24200
24201
24202
24203
24204
24205
24206
24207
24208
24208
24210
24210
24211
24212
24213
24214
24215
24216
24217
24218
24219
24220
24221
24223
24224
24225
24226
24227
24228
24229
24231
24232
24233
24234
24235
24236
24237
24238
24239
24241
24242
24243
24244
24246
24249
24252
24254
24255
24256
24257
24258
24259
24260
24261
24262
24263
24267
24268
24269
24271
24272
24275
24276
24277
24278
24278
24279
24280
24281
24282
24283
24284
24284
24286
24287
24288
24289
24290
24291
24292
24293
24294
24295
24296
24297
24297
24298
24299
24300
24301
24302
24302
24303
24304
24305
24306
24307
24308
24308
24309
24310
24311
24312
24313
24313
24315
24316
24317
24318
24319
24319
24320
24321
24322
24323
24323
24324
24325
24326
24326
24327
24331
24332
24333
24335
24335
24336
24337
24338
24338
24339
24340
24347
24348
24349
24349
24350
24351
24352
24353
24354
24356
24357
24359
24360
24361
24362
24363
24364
24365
24365
24366
24367
24368
24369
24372
24373
24376
24377
24378
24378
24379
24380
24381
24382
24382
24383
24384
24385
24386
24386
24387
24389
24390
24391
24392
24393
24394
24394
24395
24396
24397
24398
24398
24399
24400
24401
24402
24402
24403
24404
24411
24414
24415
24416
24418
24421
24422
24423
24423
24424
24425
24431
24431
24432
24433
24434
24437
24438
24439
24440
24441
24441
24442
24443
24444
24445
24445
24446
24447
24448
24449
24449
24450
24451
24452
24453
24454
24454
24455
24456
24457
24458
24458
24459
24460
24461
24462
24463
24463
24464
24465
24466
24466
24467
24468
24469
24470
24470
24471
24472
24473
24474
24475
24475
24476
24478
24479
24480
24481
24482
24482
24483
24484
24485
24485
24492
24493
24495
24496
24497
24498
24499
24500
24501
24502
24503
24507
24514
24515
24516
24517
24518
24518
24519
24520
24523
24524
24525
24526
24527
24528
24528
24529
24530
24531
24531
24532
24533
24534
24535
24536
24536
24537
24538
24539
24539
24540
24541
24542
24542
24543
24544
24545
24546
24546
24547
24548
24549
24550
24550
24557
24558
24559
24560
24560
24561
24562
24563
24564
24573
24574
24576
24577
24578
24579
24580
24587
24590
24591
24594
24595
24595
24596
24597
24598
24601
24602
24603
24603
24604
24605
24606
24607
24607
24608
24609
24610
24610
24611
24613
24616
24619
24620
24621
24622
24623
24624
24624
24626
24627
24628
24629
24630
24631
24632
24632
24636
24637
24637
24638
24639
24640
24641
24641
24642
24643
24644
24652
24652
24653
24655
24656
24656
24657
24658
24659
24659
24660
24668
24668
24669
24670
24671
24671
24672
24674
24675
24675
24678
24678
24679
24680
24681
24682
24682
24683
24684
24685
24686
24686
24687
24688
24689
24690
24691
24692
24693
24697
24699
24700
24704
24705
24706
24707
24707
24708
24709
24710
24711
24711
24714
24715
24715
24716
24717
24720
24721
24732
24732
24733
24735
24736
24736
24737
24738
24739
24740
24740
24747
24748
24749
24752
24753
24754
24755
24755
24756
24759
24760
24761
24763
24764
24764
24765
24766
24767
24768
24768
24770
24771
24773
24774
24775
24776
24776
24777
24784
24785
24786
24787
24787
24788
24789
24790
24791
24792
24792
24794
24795
24795
24797
24798
24800
24801
24802
24802
24818
24819
24820
24821
24822
24823
24823
24825
24825
24828
24829
24830
24831
24831
24832
24833
24834
24835
24835
24836
24837
24842
24842
24843
24844
24845
24846
24847
24847
24848
24849
24850
24851
24852
24852
24853
24854
24855
24855
24856
24857
24858
24858
24859
24860
24861
24861
24862
24863
24864
24864
24865
24866
24867
24867
24870
24871
24873
24879
24880
24881
24898
24903
24904
24905
24906
24907
24908
24914
24915
24917
24918
24919
24921
24921
24922
24924
24925
24926
24927
24928
24929
24930
24936
24938
24939
24942
24943
24946
24947
24947
24948
24949
24950
24951
24951
24952
24955
24956
24956
24957
24959
24960
24961
24972
24972
24975
24978
24978
24979
24981
24982
24984
24987
24988
24989
24990
24991
24992
24992
24993
24994
24995
24996
24997
24997
24998
24999
25000
25000
25001
25002
25003
25004
25004
25005
25006
25007
25008
25009
25010
25010
25011
25012
25013
25014
25015
25019
25019
25020
25021
25022
25023
25024
25025
25026
25026
25027
25028
25031
25032
25033
25034
25035
25036
25038
25038
25040
25040
25052
25053
25053
25055
25056
25056
25057
25058
25059
25060
25060
25061
25062
25063
25063
25064
25065
25067
25068
25074
25077
25078
25079
25080
25083
25083
25086
25089
25090
25097
25097
25097
25100
25100
25101
25101
25101
25102
25102
25102
25102
25103
25103
25104
25104
25107
25107
25117
25118
25119
25120
25120
25120
25121
25121
25121
25121
25122
25122
25122
25123
25123
25123
25131
25135
25135
25137
25137
25137
25140
25140
25140
25144
25144
25152
25152
25153
25156
25157
25158
25159
25160
25161
25161
25163
25164
25165
25165
25166
25167
25168
25170
25171
25173
25174
25176
25177
25178
25179
25180
25182
25183
25188
25196
25197
25198
25199
25200
25200
25201
25202
25203
25203
25211
25212
25213
25215
25215
25218
25219
25219
25220
25221
25222
25222
25224
25224
25227
25228
25229
25229
25230
25231
25232
25233
25234
25234
25235
25236
25237
25238
25238
25239
25240
25241
25242
25243
25243
25244
25245
25246
25247
25249
25250
25252
25255
25256
25261
25262
25264
25265
25265
25267
25271
25271
25274
25275
25276
25276
25277
25278
25279
25280
25281
25282
25282
25292
25292
25293
25295
25295
25296
25297
25298
25299
25307
25308
25308
25310
25311
25312
25312
25314
25315
25317
25318
25319
25320
25321
25322
25322
25323
25324
25325
25326
25326
25327
25328
25329
25330
25333
25333
25336
25337
25339
25340
25342
25346
25349
25350
25350
25352
25353
25353
25355
25356
25358
25359
25360
25361
25361
25372
25372
25373
25375
25375
25378
25388
25388
25389
25391
25391
25392
25393
25394
25398
25399
25400
25401
25402
25404
25405
25406
25406
25407
25408
25409
25409
25410
25412
25413
25413
25415
25417
25419
25420
25422
25423
25426
25427
25428
25429
25430
25431
25432
25432
25433
25434
25435
25435
25436
25437
25438
25439
25439
25441
25451
25452
25452
25453
25454
25455
25456
25456
25457
25458
25459
25459
25460
25461
25461
25462
25463
25464
25470
25471
25472
25474
25475
25475
25476
25477
25478
25479
25480
25481
25481
25482
25483
25484
25485
25485
25486
25487
25487
25488
25489
25490
25491
25492
25493
25493
25494
25495
25496
25496
25497
25499
25502
25503
25503
25505
25506
25507
25508
25508
25509
25510
25511
25512
25512
25513
25514
25515
25516
25518
25519
25520
25521
25522
25531
25532
25533
25534
25535
25536
25537
25538
25538
25540
25540
25543
25547
25556
25557
25558
25559
25560
25560
25561
25561
25564
25564
25564
25564
25565
25565
25566
25567
25567
25570
25570
25573
25574
25574
25576
25576
25584
25585
25586
25587
25587
25589
25589
25590
25591
25592
25592
25595
25596
25597
25598
25598
25599
25600
25601
25602
25611
25612
25615
25615
25616
25617
25618
25619
25620
25621
25624
25625
25626
25627
25628
25629
25629
25630
25631
25632
25633
25633
25634
25635
25636
25637
25638
25638
25639
25640
25641
25641
25642
25643
25646
25647
25649
25652
25653
25653
25661
25662
25663
25664
25665
25665
25666
25666
25667
25667
25668
25669
25669
25670
25671
25672
25673
25674
25674
25675
25676
25677
25678
25679
25680
25680
25681
25682
25683
25684
25684
25685
25686
25687
25699
25700
25701
25702
25703
25704
25704
25705
25706
25707
25708
25708
25717
25718
25719
25720
25722
25723
25727
25728
25729
25732
25751
25751
25754
25754
25755
25755
25755
25757
25760
25760
25771
25771
25779
25780
25785
25786
25787
25788
25789
25790
25792
25793
25794
25795
25797
25798
25799
25800
25801
25802
25803
25804
25805
25805
25806
25806
25806
25807
25807
25808
25808
25809
25809
25809
25811
25814
25814
25815
25818
25819
25819
25819
25820
25821
25821
25821
25822
25822
25824
25825
25825
25825
25827
25827
25829
25830
25833
25833
25836
25836
25839
25840
25840
25840
25841
25841
25852
25853
25856
25856
25857
25857
25858
25861
25861
25861
25864
25864
25865
25865
25865
25867
25868
25868
25868
25869
25869
25870
25870
25878
25878
25882
25883
25884
25885
25887
25887
25888
25888
25888
25889
25889
25890
25890
25896
25897
25897
25898
25901
25904
25905
25905
25907
25911
25911
25912
25912
25914
25914
25932
25933
25934
25934
25935
25935
25936
25936
25937
25937
25937
25938
25939
25939
25943
25943
25944
25947
25947
25948
25950
25951
25951
25952
25952
25954
25955
25955
25955
25958
25958
25959
25961
25962
25962
25963
25963
25964
25967
25967
25970
25971
25971
25972
25972
25972
25974
25975
25975
25978
25978
25979
25981
25982
25982
25983
25983
25984
25985
25986
25986
25987
25995
25995
25996
25996
25997
25997
25998
26011
26012
26012
26012
26013
26014
26014
26014
26016
26017
26019
26020
26020
26026
26026
26027
26027
26028
26028
26029
26030
26030
26030
26032
26033
26033
26034
26035
26036
26036
26038
26039
26039
26042
26042
26043
26045
26045
26048
26049
26051
26052
26055
26055
26056
26058
26058
26059
26059
26061
26062
26062
26062
26064
26065
26065
26066
26068
26068
26068
26071
26071
26072
26072
26074
26074
26075
26075
26076
26076
26077
26091
26092
26092
26094
26095
26097
26098
26098
26099
26099
26107
26107
26108
26108
26108
26110
26110
26111
26111
26113
26114
26114
26115
26115
26116
26116
26116
26117
26117
26118
26118
26119
26127
26127
26128
26130
26133
26134
26134
26137
26137
26140
26140
26141
26141
26143
26143
26144
26144
26146
26146
26147
26149
26149
26150
26152
26152
26153
26153
26154
26155
26156
26156
26157
26159
26159
26159
26160
26162
26179
26179
26180
26180
26181
26181
26181
26186
26186
26189
26192
26193
26193
26193
26194
26195
26196
26197
26198
26199
26200
26201
26202
26202
26206
26206
26207
26213
26213
26214
26214
26216
26217
26217
26217
26218
26219
26220
26220
26221
26221
26222
26225
26226
26226
26227
26229
26229
26230
26230
26239
26239
26240
26251
26251
26252
26252
26253
26253
26254
26256
26256
26257
26258
26258
26259
26259
26260
26261
26261
26261
26264
26264
26267
26267
26268
26268
26268
26269
26269
26270
26271
26271
26279
26280
26280
26280
26281
26282
26283
26284
26285
26287
26288
26289
26289
26290
26291
26291
26292
26293
26295
26296
26298
26301
26302
26302
26303
26303
26304
26305
26305
26309
26315
26315
26316
26316
26317
26317
26317
26318
26318
26319
26319
26321
26331
26331
26334
26335
26335
26337
26340
26341
26341
26344
26344
26352
26353
26353
26354
26354
26355
26356
26356
26356
26357
26358
26359
26361
26362
26362
26363
26363
26364
26364
26365
26375
26375
26376
26376
26376
26378
26378
26379
26379
26380
26381
26381
26384
26385
26387
26388
26388
26390
26391
26394
26394
26394
26397
26398
26398
26399
26400
26401
26411
26411
26412
26420
26421
26421
26422
26422
26422
26423
26423
26424
26424
26425
26426
26427
26427
26430
26430
26430
26433
26433
26434
26439
26439
26440
26440
26441
26441
26441
26442
26442
26443
26443
26444
26444
26445
26445
26448
26449
26449
26451
26455
26455
26455
26458
26458
26461
26461
26464
26464
26467
26468
26468
26468
26470
26471
26474
26474
26477
26477
26477
26478
26478
26479
26480
26491
26491
26492
26494
26495
26497
26497
26498
26498
26500
26501
26501
26504
26507
26507
26508
26508
26510
26510
26511
26511
26512
26512
26513
26514
26514
26522
26522
26523
26523
26524
26524
26525
26525
26525
26526
26526
26527
26528
26529
26529
26531
26532
26535
26544
26545
26546
26547
26549
26550
26552
26553
26555
26556
26557
26558
26559
26560
26561
26562
26564
26564
26565
26566
26567
26569
26570
26571
26572
26573
26575
26576
26577
26578
26579
26581
26581
26582
26584
26585
26586
26587
26588
26588
26594
26596
26597
26598
26599
26600
26601
26602
26603
26604
26605
26606
26607
26610
26611
26612
26613
26614
26615
26616
26617
26618
26618
26619
26620
26621
26622
26623
26624
26625
26626
26627
26628
26629
26630
26631
26631
26632
26633
26634
26635
26636
26639
26639
26641
26642
26642
26643
26644
26645
26645
26646
26647
26648
26651
26652
26654
26658
26658
26661
26662
26663
26664
26665
26665
26666
26667
26668
26669
26670
26671
26671
26676
26680
26681
26682
26682
26683
26684
26685
26686
26687
26687
26688
26689
26690
26691
26693
26694
26695
26696
26697
26697
26698
26699
26700
26701
26702
26702
26703
26704
26705
26706
26707
26709
26710
26711
26712
26713
26714
26715
26716
26717
26718
26732
26733
26734
26735
26735
26737
26737
26738
26739
26740
26741
26742
26743
26744
26745
26746
26747
26748
26749
26754
26755
26756
26757
26758
26759
26760
26761
26762
26763
26764
26765
26766
26767
26767
26768
26769
26770
26772
26774
26775
26775
26776
26777
26778
26779
26780
26782
26783
26784
26785
26786
26789
26790
26790
26791
26792
26793
26794
26795
26795
26796
26798
26799
26811
26812
26813
26814
26815
26816
26820
26824
26827
26830
26831
26832
26833
26834
26835
26835
26836
26838
26839
26840
26841
26841
26842
26843
26844
26845
26846
26847
26847
26848
26849
26850
26851
26852
26852
26853
26854
26855
26856
26857
26857
26858
26859
26861
26862
26863
26864
26866
26871
26874
26875
26892
26893
26894
26896
26897
26904
26907
26907
26908
26909
26910
26911
26917
26919
26920
26925
26926
26931
26934
26935
26936
26937
26938
26939
26940
26941
26942
26942
26943
26944
26945
26946
26947
26952
26952
26953
26954
26955
26956
26957
26958
26958
26959
26960
26961
26962
26963
26964
26966
26967
26967
26971
26972
26975
26976
26978
26979
26989
26989
26990
26991
26992
26993
26995
26996
26998
26999
27000
27001
27001
27002
27003
27004
27005
27006
27006
27007
27008
27010
27013
27013
27014
27016
27017
27018
27018
27019
27020
27021
27022
27023
27024
27025
27029
27030
27031
27032
27033
27034
27035
27036
27036
27037
27038
27039
27040
27041
27041
27042
27043
27044
27051
27052
27061
27064
27065
27066
27067
27068
27069
27069
27072
27072
27073
27074
27075
27076
27077
27078
27079
27080
27081
27082
27083
27084
27085
27086
27087
27088
27089
27090
27091
27092
27094
27095
27096
27097
27098
27099
27100
27101
27102
27103
27104
27105
27106
27107
27108
27109
27110
27110
27111
27112
27113
27114
27115
27116
27117
27118
27119
27121
27132
27132
27135
27136
27136
27140
27141
27141
27142
27147
27149
27150
27150
27152
27153
27154
27155
27156
27157
27158
27159
27160
27161
27162
27163
27164
27165
27166
27168
27169
27171
27174
27175
27176
27178
27179
27180
27181
27185
27186
27187
27188
27191
27192
27192
27194
27195
27198
27201
27211
27212
27215
27215
27218
27221
27222
27223
27224
27231
27233
27234
27234
27234
27235
27237
27238
27239
27240
27241
27242
27242
27243
27244
27245
27245
27246
27246
27247
27248
27249
27250
27252
27253
27254
27255
27256
27258
27261
27263
27264
27265
27266
27267
27268
27269
27270
27271
27272
27273
27274
27275
27277
27291
27292
27293
27301
27302
27302
27303
27304
27305
27306
27307
27307
27308
27309
27310
27311
27312
27313
27313
27314
27315
27316
27317
27317
27318
27322
27323
27324
27325
27326
27327
27328
27329
27330
27331
27332
27333
27335
27335
27336
27337
27338
27339
27339
27340
27341
27343
27343
27344
27346
27347
27348
27349
27350
27351
27352
27353
27354
27355
27355
27355
27356
27356
27356
27359
27359
27371
27373
27375
27375
27376
27376
27376
27377
27380
27387
27387
27387
27390
27390
27391
27391
27393
27397
27397
27397
27398
27398
27398
27402
27402
27403
27403
27403
27405
27406
27406
27406
27407
27407
27407
27408
27411
27415
27418
27418
27419
27419
27420
27421
27422
27424
27426
27428
27429
27430
27431
27431
27432
27432
27433
27433
27435
27435
27436
27437
27437
27438
27440
27440
27441
27441
27451
27452
27452
27454
27455
27458
27462
27463
27464
27466
27467
27471
27472
27472
27473
27476
27477
27478
27478
27480
27480
27481
27481
27482
27483
27483
27483
27484
27484
27485
27486
27486
27487
27488
27488
27494
27495
27495
27495
27496
27497
27502
27503
27505
27506
27507
27508
27509
27510
27511
27511
27512
27512
27513
27513
27514
27515
27515
27515
27517
27518
27522
27523
27531
27531
27532
27534
27535
27535
27535
27536
27536
27538
27539
27539
27546
27546
27547
27547
27547
27548
27548
27548
27549
27554
27554
27555
27555
27555
27559
27560
27561
27562
27563
27563
27564
27564
27565
27565
27565
27567
27568
27568
27569
27570
27571
27573
27574
27575
27579
27580
27582
27583
27584
27586
27587
27588
27589
27590
27592
27593
27595
27598
27599
27599
27600
27601
27610
27613
27613
27616
27617
27618
27620
27623
27623
27624
27624
27624
27631
27632
27632
27632
27635
27636
27636
27637
27638
27639
27640
27641
27642
27645
27646
27648
27649
27650
27651
27653
27654
27656
27657
27658
27659
27660
27661
27662
27663
27665
27666
27667
27668
27669
27670
27671
27672
27673
27674
27675
27676
27678
27679
27680
27681
27682
27683
27692
27700
27700
27704
27705
27706
27707
27707
27708
27708
27708
27709
27709
27710
27710
27710
27711
27712
27713
27713
27716
27716
27717
27717
27719
27720
27721
27728
27728
27729
27730
27731
27733
27733
27734
27736
27737
27737
27739
27743
27743
27743
27746
27749
27749
27749
27752
27752
27759
27759
27760
27761
27761
27761
27762
27762
27763
27763
27764
27779
27781
27784
27786
27788
27789
27791
27792
27794
27795
27796
27797
27798
27800
27801
27802
27803
27804
27805
27806
27807
27808
27810
27811
27812
27813
27814
27815
27816
27817
27818
27819
27820
27821
