0
9
10
10
13
16
20
20
21
23
27
28
30
31
32
43
47
48
48
51
59
63
65
68
72
73
76
80
81
85
88
91
95
102
103
104
105
109
110
112
113
114
115
115
116
116
122
125
134
135
138
140
143
146
147
150
152
153
156
159
160
167
170
170
171
172
172
173
176
189
189
190
190
191
191
192
193
193
194
198
198
199
201
202
204
205
210
221
222
222
223
223
230
231
232
232
233
234
237
238
238
240
247
248
248
251
251
254
254
261
262
265
265
266
266
270
282
283
283
294
295
296
297
304
304
305
305
306
307
312
316
317
318
321
321
322
323
388
389
389
390
391
391
392
392
393
393
394
394
394
395
395
396
396
397
398
399
399
400
401
402
403
403
404
405
405
406
407
407
408
408
409
410
410
411
412
413
413
414
415
415
416
417
417
424
427
428
430
432
433
514
527
527
528
528
529
529
529
530
530
531
531
532
532
532
533
533
534
534
534
535
535
536
536
536
537
538
541
544
548
551
554
554
557
560
561
564
564
567
567
570
573
580
581
581
582
583
583
587
588
589
589
590
591
591
592
593
593
596
599
611
612
612
613
613
614
615
615
617
620
624
624
627
630
631
633
634
636
637
637
639
640
640
643
647
650
653
654
656
657
660
663
663
664
666
674
679
682
682
683
686
695
698
698
699
699
700
701
704
705
708
708
711
714
717
718
720
729
732
733
733
734
734
736
736
737
739
739
748
748
755
756
761
762
763
764
765
766
766
767
772
775
775
779
779
780
781
781
782
785
792
798
799
800
807
810
815
821
829
829
837
841
842
845
848
860
862
866
867
875
875
876
887
887
888
888
897
898
898
899
900
902
903
905
908
909
911
914
915
915
916
917
921
921
922
924
927
927
930
930
933
937
938
939
942
943
943
945
946
954
957
958
958
959
961
968
969
973
977
980
981
984
985
987
996
997
997
998
1003
1004
1004
1005
1012
1013
1013
1014
1016
1020
1024
1032
1033
1033
1034
1039
1040
1045
1045
1045
1047
1047
1050
1061
1062
1062
1065
1071
1072
1072
1076
1095
1098
1099
1099
1099
1100
1100
1101
1101
1102
1102
1102
1104
1107
1110
1111
1118
1118
1119
1119
1120
1129
1130
1131
1131
1132
1133
1134
1135
1135
1136
1138
1139
1139
1141
1145
1148
1149
1151
1155
1162
1165
1165
1169
1173
1184
1185
1186
1187
1197
1198
1198
1199
1200
1205
1207
1212
1217
1218
1219
1228
1228
1231
1232
1234
1255
1256
1257
1258
1258
1259
1260
1261
1261
1262
1265
1265
1266
1271
1314
1314
1315
1316
1316
1317
1318
1318
1319
1320
1321
1321
1322
1323
1323
1324
1325
1326
1326
1327
1328
1328
1329
1330
1330
1331
1332
1333
1334
1337
1339
1339
1341
1341
1342
1343
1347
1348
1348
1358
1359
1361
1362
1364
1364
1365
1367
1368
1370
1374
1385
1386
1388
1392
1395
1400
1403
1406
1419
1419
1420
1423
1425
1429
1432
1435
1447
1447
1450
1450
1450
1460
1460
1463
1463
1464
1464
1464
1469
1472
1474
1474
1477
1480
1480
1484
1487
1491
1495
1506
1506
1507
1508
1509
1511
1514
1517
1522
1523
1525
1528
1531
1532
1543
1543
1544
1546
1547
1549
1550
1551
1552
1553
1555
1558
1561
1561
1564
1568
1577
1578
1578
1581
1588
1591
1596
1605
1606
1606
1607
1615
1616
1618
1622
1622
1623
1625
1625
1628
1632
1636
1639
1643
1644
1649
1654
1657
1660
1664
1673
1674
1674
1678
1681
1682
1682
1685
1686
1687
1687
1688
1688
1690
1696
1696
1705
1706
1711
1713
1722
1722
1724
1725
1731
1731
1732
1737
1738
1749
1750
1751
1752
1754
1765
1765
1766
1769
1772
1781
1788
1789
1797
1799
1800
1800
1801
1810
1811
1820
1821
1822
1833
1834
1834
1840
1842
1843
1851
1859
1859
1865
1865
1866
1868
1868
1874
1878
1884
1895
1901
1906
1912
1923
1926
1929
1930
1941
1942
1946
1946
1946
1952
1961
1961
1969
1975
1978
1981
1985
1988
1999
2007
2013
2014
2021
2024
2025
2025
2028
2037
2038
2040
2043
2047
2054
2059
2060
2062
2063
2066
2074
2075
2077
2078
2078
2079
2081
2095
2099
2099
2102
2111
2111
2116
2117
2117
2118
2124
2124
2125
2135
2135
2138
2142
2145
2146
2150
2151
2154
2158
2170
2184
2185
2188
2189
2191
2192
2193
2195
2196
2198
2205
2206
2207
2208
2209
2210
2211
2212
2212
2214
2214
2215
2221
2222
2223
2236
2236
2237
2237
2239
2242
2277
2278
2279
2279
2280
2281
2281
2282
2283
2283
2305
2305
2306
2306
2307
2308
2308
2309
2310
2311
2311
2312
2324
2324
2325
2326
2326
2327
2330
2331
2336
2340
2344
2346
2349
2355
2358
2359
2359
2359
2363
2364
2368
2372
2377
2389
2390
2391
2392
2395
2395
2400
2404
2408
2409
2422
2423
2424
2425
2426
2428
2431
2436
2437
2439
2443
2446
2454
2455
2460
2461
2464
2467
2476
2477
2479
2488
2489
2494
2496
2500
2504
2510
2513
2517
2520
2523
2528
2532
2532
2535
2541
2541
2547
2555
2558
2561
2565
2568
2568
2572
2577
2577
2582
2586
2591
2602
2605
2606
2609
2612
2612
2623
2623
2624
2624
2625
2630
2631
2632
2636
2639
2639
2651
2651
2657
2658
2660
2664
2665
2667
2668
2669
2677
2684
2684
2685
2685
2687
2690
2691
2693
2700
2701
2701
2702
2703
2706
2714
2714
2715
2716
2716
2717
2724
2725
2730
2731
2731
2732
2737
2754
2755
2756
2756
2757
2758
2758
2759
2760
2764
2765
2766
2777
2778
2778
2779
2780
2781
2781
2784
2786
2786
2789
2790
2792
2793
2793
2794
2795
2796
2798
2799
2799
2801
2802
2804
2811
2812
2812
2814
2815
2818
2821
2827
2827
2837
2838
2838
2841
2847
2847
2848
2849
2849
2850
2853
2863
2863
2864
2866
2871
2876
2877
2881
2882
2884
2887
2893
2894
2897
2900
2901
2901
2909
2910
2910
2913
2914
2918
2926
2927
2931
2932
2934
2937
2941
2944
2947
2950
2953
2954
2954
2964
2965
2971
2971
2971
2972
2973
2974
2982
2983
2983
2985
2993
2994
2999
3005
3006
3009
3012
3013
3015
3024
3024
3025
3033
3034
3037
3041
3041
3041
3042
3042
3043
3044
3047
3050
3051
3054
3062
3063
3073
3074
3077
3078
3080
3084
3087
3090
3093
3094
3096
3107
3107
3107
3108
3129
3130
3131
3132
3132
3151
3151
3152
3152
3153
3154
3184
3184
3185
3186
3189
3189
3190
3190
3191
3194
3194
3195
3195
3198
3199
3200
3201
3205
3208
3221
3225
3225
3225
3226
3228
3228
3238
3238
3241
3244
3254
3255
3255
3256
3264
3265
3268
3272
3272
3273
3274
3277
3289
3289
3290
3292
3297
3301
3304
3314
3317
3318
3318
3329
3329
3333
3336
3339
3343
3343
3346
3349
3349
3352
3357
3360
3364
3364
3367
3370
3374
3377
3384
3387
3390
3393
3397
3397
3400
3401
3408
3415
3416
3420
3421
3423
3426
3430
3433
3436
3439
3442
3445
3449
3452
3453
3457
3465
3469
3469
3472
3485
3485
3485
3486
3488
3494
3495
3495
3498
3503
3504
3506
3510
3523
3524
3524
3527
3531
3532
3536
3539
3543
3543
3544
3544
3551
3552
3558
3559
3560
3562
3565
3568
3569
3569
3574
3581
3582
3582
3583
3583
3584
3604
3605
3606
3606
3607
3608
3610
3611
3612
3637
3638
3638
3639
3640
3640
3647
3647
3648
3648
3649
3655
3655
3656
3657
3658
3659
3665
3666
3667
3668
3669
3670
3671
3691
3691
3692
3692
3693
3694
3695
3695
3696
3698
3698
3699
3704
3707
3708
3711
3714
3714
3721
3724
3725
3728
3729
3733
3736
3737
3737
3739
3740
3741
3745
3746
3750
3751
3751
3752
3752
3753
3756
3759
3759
3762
3762
3763
3765
3768
3772
3780
3780
3783
3784
3784
3785
3786
3787
3789
3794
3797
3798
3801
3804
3805
3811
3812
3814
3818
3821
3824
3824
3834
3834
3835
3835
3836
3836
3837
3840
3843
3844
3846
3850
3850
3853
3861
3862
3864
3872
3876
3876
3887
3888
3889
3889
3891
3895
3897
3901
3902
3904
3911
3912
3912
3913
3916
3920
3925
3936
3939
3941
3942
3944
3946
3946
3947
3948
3948
3949
3950
3950
3951
3952
3953
3956
3957
3959
3963
3966
3970
3970
3971
3971
3973
3974
3978
3981
3985
3992
3993
3998
3999
4014
4015
4016
4017
4018
4018
4019
4020
4021
4021
4022
4022
4023
4024
4028
4031
4032
4036
4039
4040
4056
4058
4061
4062
4063
4064
4065
4068
4069
4070
4071
4074
4074
4077
4078
4101
4101
4102
4103
4103
4104
4105
4105
4106
4107
4107
4108
4109
4109
4110
4111
4111
4112
4112
4113
4119
4120
4121
4121
4127
4128
4128
4129
4130
4134
4137
4138
4138
4144
4145
4148
4148
4148
4149
4151
4151
4152
4152
4161
4162
4162
4163
4163
4164
4164
4166
4174
4174
4177
4178
4179
4187
4187
4192
4192
4193
4193
4194
4198
4207
4208
4208
4211
4218
4221
4221
4230
4233
4234
4234
4237
4241
4244
4245
4248
4251
4251
4252
4255
4258
4259
4262
4262
4270
4271
4271
4272
4272
4274
4274
4275
4277
4285
4285
4288
4288
4289
4289
4290
4291
4292
4294
4294
4295
4296
4296
4297
4297
4298
4302
4303
4304
4305
4306
4307
4307
4308
4309
4309
4310
4310
4311
4312
4312
4313
4313
4314
4316
4317
4317
4318
4318
4319
4319
4319
4320
4321
4321
4321
4322
4322
4323
4324
4324
4325
4325
4326
4326
4327
4328
4328
4328
4329
4329
4330
4331
4333
4334
4334
4335
4336
4336
4338
4338
4339
4339
4340
4341
4342
4344
4345
4346
4347
4348
4349
4351
4352
4353
4354
4355
4356
4363
4364
4365
4367
4368
4369
4370
4372
4373
4374
4375
4375
4376
4377
4378
4387
4391
4391
4392
4393
4394
4396
4396
4400
4403
4404
4404
4405
4409
4420
4424
4429
4429
4430
4430
4431
4432
4432
4435
4444
4444
4445
4446
4447
4447
4448
4448
4449
4459
4464
4465
4466
4466
4467
4468
4469
4470
4471
4471
4472
4472
4478
4478
4482
4482
4483
4484
4484
4485
4486
4487
4494
4495
4495
4496
4497
4498
4499
4500
4500
4501
4502
4503
4507
4508
4508
4509
4510
4511
4511
4512
4513
4514
4514
4515
4516
4537
4538
4539
4539
4540
4541
4542
4542
4543
4544
4545
4545
4546
4547
4548
4548
4549
4550
4551
4551
4552
4553
4553
4554
4555
4555
4556
4557
4559
4559
4561
4561
4562
4562
4563
4564
4565
4565
4566
4567
4567
4568
4568
4569
4569
4570
4571
4571
4572
4573
4574
4574
4575
4576
4576
4577
4577
4578
4579
4580
4580
4581
4582
4583
4583
4584
4585
4586
4586
4587
4587
4588
4589
4589
4590
4591
4591
4592
4593
4593
4594
4594
4595
4595
4596
4596
4597
4597
4597
4598
4599
4599
4600
4602
4605
4606
4606
4608
4611
4612
4612
4612
4613
4614
4615
4615
4620
4621
4623
4626
4627
4630
4630
4631
4631
4632
4637
4638
4641
4641
4641
4642
4648
4649
4649
4655
4655
4656
4657
4657
4658
4658
4659
4659
4660
4661
4662
4662
4664
4664
4667
4667
4670
4673
4680
4681
4684
4687
4688
4692
4702
4703
4703
4704
4704
4706
4706
4710
4710
4711
4717
4718
4718
4718
4719
4721
4728
4728
4729
4729
4730
4730
4731
4731
4732
4732
4733
4733
4734
4734
4735
4735
4736
4736
4736
4737
4737
4743
4744
4745
4747
4747
4748
4748
4749
4749
4750
4750
4751
4751
4753
4756
4768
4769
4774
4774
4774
4775
4780
4784
4784
4795
4798
4798
4803
4805
4809
4812
