0
3
12
15
16
18
22
36
40
51
51
52
54
58
61
62
65
65
66
66
68
68
91
119
123
126
129
137
137
138
138
139
140
140
141
142
143
171
176
199
202
206
206
208
209
210
214
230
233
239
242
242
251
251
252
252
252
254
270
288
319
319
320
329
340
350
350
353
356
359
372
372
373
373
391
402
416
433
437
446
461
487
492
495
502
502
503
507
510
511
520
523
524
524
525
526
527
538
539
540
540
542
543
544
550
560
561
561
562
562
563
569
570
570
572
573
579
583
590
591
606
606
607
608
608
609
617
620
621
621
624
640
641
644
649
651
653
656
658
660
662
664
667
670
671
671
697
730
730
731
731
733
736
736
739
743
748
763
764
764
765
766
767
767
768
770
770
771
771
772
772
773
774
774
775
781
781
782
782
783
783
784
785
785
788
788
789
799
799
799
802
802
803
803
803
804
808
808
809
809
810
812
815
816
816
818
819
822
822
825
825
828
831
831
840
840
840
841
843
854
858
865
868
868
871
874
874
877
881
881
884
887
887
888
888
890
890
891
891
892
892
894
895
895
896
896
897
898
899
902
911
911
912
912
914
917
918
923
925
926
929
929
930
930
932
935
938
947
954
965
971
983
986
990
990
991
991
994
994
994
994
994
995
996
996
996
997
997
999
999
1000
1011
1013
1013
1013
1014
1014
1015
1015
1016
1016
1016
1017
1028
1029
1030
1031
1031
1032
1032
1033
1033
1043
1048
1048
1048
1051
1051
1051
1052
1052
1055
1056
1056
1057
1058
1076
1079
1080
1081
1082
1082
1083
1084
1084
1085
1086
1087
1087
1088
1089
1089
1090
1091
1093
1096
1138
1138
1141
1141
1142
1142
1143
1150
1150
1150
1151
1151
1152
1152
1153
1153
1154
1154
1155
1155
1156
1156
1156
1157
1157
1162
1162
1162
1163
1163
1177
1177
1180
1181
1181
1181
1182
1184
1184
1184
1184
1187
1187
1187
1209
1216
1299
1299
1302
1303
1303
1304
1304
1305
1305
1306
1307
1307
1313
1314
1314
1315
1316
1317
1317
1318
1318
1319
1320
1320
1321
1321
1322
1322
1323
1323
1324
1324
1325
1330
1331
1333
1334
1334
1335
1335
1336
1337
1337
1337
1338
1338
1339
1339
1340
1340
1341
1341
1342
1342
1343
1343
1344
1367
1370
1370
1373
1376
1401
1408
1409
1410
1411
1411
1412
1413
1413
1414
1415
1415
1416
1417
1418
1420
1420
1421
1421
1422
1422
1423
1426
1451
1475
1476
1477
1477
1484
1487
1497
1501
1504
1505
1507
1508
1511
1511
1512
1520
1521
1521
1522
1522
1524
1528
1555
1561
1564
1565
1567
1567
1570
1573
1577
1577
1581
1588
1589
1589
1590
1592
1595
1596
1598
1607
1607
1608
1611
1611
1612
1613
1614
1617
1618
1620
1625
1628
1642
1651
1662
1665
1665
1666
1668
1668
1669
1671
1678
1687
1696
1696
1697
1699
1702
1705
1705
1708
1708
1711
1712
1712
1714
1715
1715
1725
1730
1730
1733
1736
1739
1742
1746
1749
1752
1755
1770
1782
1841
1863
1864
1865
1865
1866
1867
1867
1868
1886
1887
1888
1888
1889
1889
1890
1891
1891
1907
1908
1908
1909
1910
1911
1911
1919
1927
1954
1958
1964
1970
1974
1988
1998
1998
1999
2003
2009
2009
2012
2012
2013
2013
2023
2023
2026
2029
2037
2044
2051
2060
2089
2089
2137
2155
2158
2162
2229
2273
2283
2295
2300
2301
2307
2310
2310
2311
2311
2313
2367
2371
2373
2374
2381
2399
2402
2423
2428
2432
2451
2452
2453
2453
2454
2454
2455
2455
2463
2477
2487
2491
2497
2501
2505
2508
2511
2521
2521
2522
2522
2523
2523
2524
2524
2525
2528
2530
2530
2534
2534
2536
2537
2540
2540
2541
2543
2543
2551
2551
2552
2553
2554
2554
2555
2555
2556
2558
2558
2561
2561
2564
2565
2568
2570
2572
2573
2574
2574
2580
2580
2581
2581
2583
2586
2594
2594
2595
2597
2616
2653
2663
2664
2664
2665
2667
2670
2671
2673
2674
2677
2680
2681
2684
2685
2686
2687
2689
2710
2716
2717
2718
2718
2719
2720
2721
2722
2722
2723
2724
2731
2732
2732
2733
2734
2744
2752
2759
2771
2772
2772
2774
2811
2821
2821
2822
2824
2854
2862
2871
2874
2874
2874
2877
2877
2878
2880
2887
2890
2890
2890
2891
2891
2892
2893
2897
2897
2906
2910
2924
2927
2935
2935
2938
2942
2945
2948
2952
2956
2965
2968
2971
2972
2972
2973
2980
2980
2981
2981
2981
2982
2986
2990
2990
2991
2991
2992
2992
2993
2993
2994
2994
2995
2995
2996
2997
2997
2997
2998
2998
2999
2999
3000
3000
3001
3001
3002
3002
3003
3003
3004
3005
3005
3006
3007
3007
3008
3008
3009
3009
3010
3011
3011
3012
3012
3014
3014
3015
3015
3015
3016
3016
3017
3018
3018
3019
3026
3030
3030
3030
3031
3031
3032
3032
3033
3033
3034
3034
3035
3035
3036
3036
3037
3037
3038
3038
3040
3048
3051
3051
3052
3059
3059
3060
3064
3064
3067
3067
3070
3120
3124
3125
3125
3126
3127
3127
3128
3129
3130
3130
3131
3132
3132
3134
3135
3135
3136
3137
3138
3138
3139
3140
3141
3142
3142
3143
3144
3144
3145
3145
3146
3146
3147
3148
3148
3149
3149
3150
3150
3151
3151
3152
3152
3153
3153
3154
3155
3155
3156
3157
3157
3158
3158
3159
3159
3160
3160
3161
3161
3168
3171
3172
3172
3173
3174
3174
3175
3176
3177
3177
3178
3178
3179
3180
3181
3181
3182
3182
3183
3184
3184
3185
3186
3186
3187
3188
3189
3189
3192
3193
3193
3194
3195
3196
3197
3197
3198
3199
3200
3200
3201
3201
3202
3202
3203
3204
3204
3205
3205
3206
3234
3237
3237
3240
3240
3241
3243
3246
3248
3248
3249
3250
3250
3251
3251
3253
3254
3261
3263
3264
3265
3268
3270
3271
3272
3272
3273
3273
3274
3274
3274
3275
3275
3276
3276
3277
3277
3278
3278
3278
3279
3279
3280
3280
3281
3281
3282
3282
3283
3283
3284
3284
3284
3285
3285
3286
3286
3287
3287
3288
3288
3288
3289
3289
3290
3290
3291
3291
3291
3292
3292
3293
3293
3294
3294
3295
3295
3295
3296
3297
3298
3298
3298
3299
3300
3301
3301
3302
3302
3304
3304
3304
3305
3374
3416
3451
3454
3508
3511
3512
3513
3520
3524
3525
3526
3526
3527
3528
3543
3576
3579
3582
3585
3588
3591
3595
3609
3623
3623
3630
3634
3639
3639
3645
3645
3657
3657
3657
3661
3664
3664
3664
3667
3667
3668
3670
3679
3679
3680
3680
3680
3682
3682
3691
3691
3691
3692
3692
3694
3713
3716
3724
3727
3727
3749
3749
3752
3752
3755
3755
3756
3756
3758
3758
3759
3759
3766
3769
3769
3770
3770
3771
3771
3772
3773
3773
3773
3774
3774
3775
3775
3775
3776
3776
3777
3777
3778
3778
3778
3779
3779
3780
3780
3780
3781
3781
3782
3782
3783
3783
3783
3784
3784
3785
3785
3785
3790
3790
3790
3791
3791
3792
3793
3793
3794
3794
3795
3795
3795
3796
3796
3797
3811
3831
3849
3852
3853
3853
3854
3856
3856
3857
3857
3858
3859
3859
3860
3860
3862
3870
3870
3871
3871
3873
3876
3877
3877
3878
3878
3879
3879
3880
3885
3892
3911
3914
3917
3945
3946
3946
3947
3948
3961
3964
3965
3980
4021
4031
4036
4039
4046
4049
4050
4059
4059
4062
4063
4064
4064
4068
4071
4071
4072
4073
4073
4077
4080
4080
4081
4083
4083
4086
4087
4089
4107
4121
4140
4152
4155
4155
4156
4156
4167
4172
4190
4234
4237
4237
4240
4240
4244
4244
4245
4247
4247
4247
4248
4250
4250
4251
4257
4260
4264
4264
4265
4265
4266
4267
4267
4268
4268
4268
4271
4274
4275
4275
4276
4276
4277
4277
4278
4283
4286
4287
4287
4288
4288
4289
4289
4290
4290
4291
4291
4292
4293
4293
4294
4294
4295
4295
4296
4297
4297
4298
4298
4299
4299
4300
4300
4301
4302
4302
4303
4303
4311
4311
4314
4315
4315
4316
4316
4317
4317
4318
4318
4318
4319
4319
4323
4324
4324
4325
4326
4326
4327
4327
4328
4328
4330
4330
4331
4331
4333
4333
4334
4335
4336
4336
4337
4337
4339
4339
4340
4342
4342
4343
4345
4346
4346
4349
4350
4351
4352
4353
4353
4354
4372
4372
4380
4381
4382
4382
4383
4391
4391
4392
4393
4393
4394
4395
4395
4396
4400
4400
4438
4441
4441
4444
4444
4447
4448
4449
4457
4458
4458
4459
4460
4461
4461
4462
4468
4468
4472
4474
4475
4476
4476
4477
4477
4498
4499
4499
4500
4503
4504
4504
4505
4506
4507
4507
4508
4508
4509
4510
4510
4511
4511
4512
4513
4513
4516
4519
4523
4523
4531
4531
4532
4532
4533
4533
4536
4536
4537
4586
4593
4630
4684
4710
4714
4741
4748
4751
4757
4766
4770
4773
4787
4788
4788
4789
4790
4806
4824
4825
4825
4826
4827
4837
4838
4838
4839
4850
4853
4862
4867
4868
4869
4870
4870
4871
4872
4873
4876
4883
4889
4891
4893
4894
4896
4897
4900
4901
4903
4910
4911
4911
4912
4913
4914
4922
4925
4925
4926
4929
4932
4951
4960
4964
4965
4965
4966
4969
4969
4970
4972
4975
4978
4981
4989
4989
4990
4993
4993
4994
4996
4997
4999
5002
5002
5005
5009
5011
5015
5022
5050
5058
5058
5058
5061
5069
5069
5070
5070
5071
5071
5072
5072
5096
5118
5155
5190
5219
5238
5309
5310
5311
5312
5317
5322
5327
5330
5333
5348
5348
5349
5349
5350
5350
5355
5355
5356
5356
5357
5358
5371
5371
5380
5385
5388
5388
5391
5391
5392
5394
5397
5409
5409
5410
5418
5421
5421
5422
5424
5424
5430
5433
5433
5441
5447
5450
5453
5459
5463
5467
5467
5470
5470
5470
5473
5473
5477
5477
5479
5482
5486
5486
5487
5489
5489
5492
5493
5493
5499
5499
5502
5502
5505
5505
5506
5508
5508
5509
5511
5511
5511
5514
5515
5517
5518
5518
5526
5526
5526
5529
5532
5539
5551
5556
5559
5559
5559
5562
5565
5566
5569
5569
5570
5572
5572
5576
5576
5577
5577
5578
5578
5582
5589
5589
5590
5590
5590
5591
5591
5594
5594
5594
5630
5640
5646
5664
5667
5716
5716
5719
5753
5764
5800
5803
5806
5809
5809
5827
5844
5856
5871
5874
5877
5880
5883
5883
5895
5904
5907
5910
5920
5923
5926
5929
5930
5933
5937
5942
5945
5950
5992
6012
6016
6019
6028
6031
6032
6055
6059
6068
6079
6098
6102
6105
6106
6107
6109
6111
6113
6116
6118
6121
6123
6125
6128
6130
6131
6134
6140
6143
6144
6145
6147
6147
6150
6150
6151
6153
6154
6156
6157
6157
6158
6159
6160
6161
6161
6164
6167
6182
6198
6207
6219
6222
6225
6228
6231
6234
6237
6240
6248
6251
6254
6257
6260
6293
6303
6306
6309
6315
6330
6330
6333
6333
6336
6339
6339
6349
6349
6352
6352
6359
6359
6362
6365
6365
6365
6366
6366
6372
6372
6372
6375
6378
6381
6385
6385
6388
6388
6391
6391
6394
6400
6403
6407
6413
6416
6419
6419
6419
6422
6422
6423
6425
6426
6426
6426
6428
6429
6429
6430
6432
6432
6433
6434
6452
6458
6471
6492
6497
6502
6505
6509
6509
6512
6518
6528
6528
6528
6537
6537
6537
6540
6540
6543
6548
6551
6552
6555
6558
6561
6564
6567
6574
6577
6581
6591
6591
6591
6591
6592
6594
6594
6597
6598
6601
6602
6604
6614
6618
6618
6627
6630
6631
6645
6648
6663
6664
6667
6668
6668
6670
6673
6676
6684
6687
6687
6690
6690
6691
6697
6698
6698
6698
6703
6704
6704
6704
6705
6707
6708
6708
6709
6711
6711
6712
6713
6713
6714
6721
6733
6734
6736
6737
6739
6740
6742
6746
6746
6752
6763
6764
6764
6765
6770
6773
6774
6780
6792
6795
6796
6798
6799
6801
6808
6808
6809
6810
6810
6811
6818
6818
6822
6825
6828
6829
6830
6834
6864
6867
6871
6882
6918
6946
6949
6949
6950
6951
6952
6953
6954
6955
6955
6956
6958
6958
6962
6966
6968
6971
6979
6990
6994
6998
7002
7004
7008
7009
7011
7015
7015
7018
7022
7022
7024
7050
7064
7108
7136
7148
7152
7155
7197
7203
7219
7233
7236
7239
7257
7273
7274
7283
7285
7290
7299
7299
7321
7325
7331
7335
7335
7337
7340
7347
7347
7348
7350
7353
7360
7364
7386
7387
7387
7388
7388
7393
7394
7395
7402
7403
7404
7404
7405
7406
7406
7407
7410
7413
7413
7414
7420
7423
7423
7424
7425
7426
7427
7428
7428
7429
7429
7430
7431
7431
7436
7437
7437
7438
7439
7440
7441
7442
7444
7445
7446
7446
7447
7448
7455
7455
7456
7457
7457
7458
7459
7459
7460
7460
7461
7464
7465
7466
7466
7467
7468
7468
7470
7471
7471
7472
7472
7483
7484
7484
7485
7486
7486
7487
7487
7488
7495
7495
7496
7497
7497
7498
7504
7505
7505
7506
7509
7510
7510
7511
7512
7512
7515
7515
7516
7517
7517
7518
7518
7519
7519
7527
7530
7530
7533
7533
7534
7534
7535
7541
7542
7542
7543
7545
7546
7546
7547
7547
7548
7548
7549
7550
7550
7550
7552
7553
7553
7556
7556
7559
7559
7560
7563
7563
7564
7567
7567
7567
7568
7568
7570
7570
7571
7571
7573
7574
7574
7577
7577
7577
7578
7580
7580
7589
7589
7592
7592
7593
7593
7594
7594
7595
7595
7595
7596
7596
7597
7597
7598
7598
7598
7599
7599
7600
7600
7601
7603
7603
7603
7604
7604
7606
7606
7607
7607
7609
7610
7610
7611
7613
7613
7614
7614
7614
7616
7616
7617
7619
7620
7620
7621
7621
7623
7623
7624
7624
7625
7625
7626
7627
7628
7628
7629
7629
7630
7630
7630
7638
7638
7638
7639
7639
7640
7640
7641
7641
7645
7649
7652
7652
7655
7655
7664
7664
7665
7665
7666
7666
7667
7668
7668
7668
7669
7669
7670
7670
7670
7671
7671
7672
7672
7673
7674
7675
7675
7676
7676
7677
7678
7678
7678
7679
7680
7680
7681
7681
7683
7684
7684
7685
7687
7687
7688
7688
7689
7689
7690
7690
7691
7693
7693
7694
7694
7696
7697
7697
7697
7699
7700
7700
7701
7703
7704
7704
7704
7706
7707
7707
7708
7708
7710
7710
7711
7711
7713
7714
7714
7714
7717
7717
7723
7723
7724
7724
7724
7725
7725
7726
7726
7727
7727
7728
7728
7729
7729
7730
7730
7731
7731
7734
7734
7735
7736
7736
7737
7738
7738
7739
7739
7748
7748
7749
7756
7757
7757
7758
7758
7759
7759
7760
7761
7761
7762
7762
7785
7788
7789
7792
7792
7812
7822
7825
7826
7827
7827
7828
7829
7830
7832
7832
7833
7834
7837
7837
7838
7852
7855
7856
7861
7865
7865
7868
7869
7871
7872
7888
7903
7909
7909
7910
7910
7913
7916
7919
7922
7923
7923
7925
7926
7929
7929
7930
7930
7930
7931
7932
7932
7935
7935
7938
7938
7941
7941
7944
7944
7945
7947
7948
7950
7951
7960
7963
7963
7964
7971
7971
7972
7972
7973
7974
7975
7977
7982
7989
7989
7990
7990
7990
7991
7992
7992
7993
7993
7993
7994
7994
7995
7995
7995
7996
7996
7997
7997
7998
7999
8000
8007
8007
8007
8008
8010
8010
8011
8011
8028
8028
8029
8029
8029
8030
8030
8031
8031
8032
8032
8036
8036
8039
8039
8042
8059
8059
8060
8060
8060
8062
8062
8063
8063
8063
8064
8064
8065
8065
8065
8066
8066
8068
8068
8069
8070
8070
8071
8072
8078
8078
8078
8079
8079
8081
8081
8084
8087
8087
8088
8088
8089
8089
8090
8090
8206
8238
8243
8244
8245
8245
8246
8247
8247
8248
8249
8249
8250
8251
8252
8252
8255
8258
8260
8263
8265
8268
8269
8269
8270
8271
8271
8272
8273
8274
8274
8275
8276
8277
8277
8278
8279
8280
8280
8281
8282
8283
8283
8284
8285
8286
8287
8287
8288
8289
8291
8502
8514
8588
8594
8606
8609
8612
8615
8615
8618
8621
8625
8628
8632
8632
8635
8635
8639
8649
8650
8650
8653
8658
8659
8659
8661
8662
8664
8665
8705
8708
8711
8715
8719
8723
8724
8727
8727
8728
8729
8730
8731
8731
8732
8733
8734
8741
8741
8742
8743
8743
8744
8745
8749
8757
8759
8765
8771
8775
8777
8787
8790
8823
8860
8863
8872
8872
8878
8889
8893
8897
8909
8909
8910
8910
8912
8922
8922
8923
8923
8926
8926
8927
8927
8929
8930
8937
8937
8940
8941
8941
8941
8942
8942
8943
8943
8944
8944
8945
8947
8956
8956
8957
8957
8958
8959
8959
8965
8965
8966
8966
8966
8966
8967
8972
8975
8979
8983
8986
8986
8989
8990
8992
8992
8993
8995
8995
8998
9014
9017
9020
9023
9023
9027
9027
9030
9031
9034
9034
9046
9046
9046
9047
9047
9051
9055
9055
9055
9055
9056
9056
9057
9063
9064
9064
9065
9065
9070
9071
9072
9073
9114
9127
9131
9136
9138
9142
9144
9145
9147
9153
9153
9153
9154
9154
9154
9156
9160
9192
9212
9227
9227
9271
9288
9298
9301
9301
9302
9307
9324
9327
9335
9335
9338
9338
9338
9341
9351
9354
9355
9358
9373
9373
9376
9376
9377
9379
9380
9380
9380
9381
9382
9383
9383
9385
9386
9386
9387
9387
9395
9395
9396
9396
9396
9398
9398
9399
9399
9400
9416
9421
9495
9498
9510
9510
9511
9513
9513
9516
9520
9520
9524
9524
9527
9527
9530
9530
9531
9531
9533
9533
9533
9536
9540
9544
9547
9547
9547
9552
9552
9554
9558
9567
9567
9568
9570
9573
9574
9581
9581
9582
9582
9584
9585
9587
9591
9591
9597
9602
9603
9604
9605
9605
9606
9607
9607
9608
9610
9611
9615
9621
9626
9627
9628
9634
9644
9666
9670
9671
9679
9680
9680
9681
9687
9691
9691
9694
9695
9703
9704
9705
9706
9707
9708
9710
9713
9722
9723
9726
9729
9733
9736
9752
9757
9760
9763
9766
9770
9770
9772
9776
9784
9784
9788
9791
9791
9792
9792
9793
9799
9816
9819
9822
9858
9862
9865
9865
9868
9869
9869
9871
9878
9878
9878
9890
9896
9900
9900
9901
9934
9937
9940
9945
9955
9955
9955
9955
9967
9970
9970
9971
9973
9974
9974
9974
9974
9977
9977
9983
9983
9984
9984
9984
9984
9985
9985
9985
9985
9985
9991
9992
9992
9992
9995
9998
9998
9999
9999
9999
9999
10000
10003
10003
10003
10003
10005
10005
10007
10008
10008
10009
10011
10011
10011
10012
10013
10022
10023
10023
10024
10024
10025
10026
10026
10027
10028
10028
10029
10030
10030
10031
10032
10032
10033
10034
10034
10035
10036
10036
10037
10038
10038
10039
10040
10040
10041
10041
10042
10043
10044
10045
10047
10048
10049
10049
10051
10051
10052
10054
10055
10055
10110
10141
10147
10156
10161
10164
10185
10188
10192
10241
10242
10250
10256
10268
10271
10274
10275
10277
10278
10280
10284
10289
10298
10301
10301
10304
10307
10308
10310
10311
10314
10317
10317
10320
10327
10328
10328
10329
10331
10334
10334
10337
10337
10340
10343
10346
10349
10375
10379
10383
10386
10402
10409
10412
10413
10413
10414
10414
10415
10416
10454
10458
10463
10468
10483
10484
10485
10485
10508
10515
10518
10519
10520
10520
10521
10523
10523
10526
10526
10527
10528
10528
10529
10530
10530
10531
10532
10533
10533
10534
10535
10535
10536
10537
10537
10538
10539
10540
10541
10547
10548
10548
10549
10550
10551
10551
10552
10553
10553
10554
10555
10555
10556
10557
10557
10558
10559
10560
10563
10576
10606
10620
10622
10625
10633
10633
10634
10634
10643
10665
10665
10665
10668
10668
10668
10669
10669
10671
10671
10672
10672
10673
10674
10675
10675
10675
10676
10677
10678
10678
10678
10679
10680
10681
10681
10681
10683
10684
10684
10685
10685
10687
10687
10687
10688
10688
10689
10689
10690
10690
10691
10691
10692
10693
10693
10694
10694
10695
10696
10697
10697
10698
10698
10698
10700
10700
10701
10701
10701
10703
10704
10706
10707
10751
10784
10810
10884
10894
10906
10907
10907
10908
10909
10909
10910
10910
10911
10911
10912
10913
10913
10914
10914
10915
10915
10916
10916
10917
10918
10918
10919
10919
10920
10921
10921
10922
10922
10923
10923
10924
10924
10955
10968
10990
10991
10991
10993
10996
10997
10999
11002
11003
11004
11004
11006
11006
11007
11013
11014
11014
11015
11015
11016
11017
11017
11018
11019
11024
11037
11085
11088
11089
11090
11091
11091
11094
11095
11151
11156
11188
11191
11194
11210
11230
11233
11251
11260
11260
11263
11264
11264
11266
11267
11267
11268
11270
11270
11271
11278
11282
11282
11285
11285
11286
11286
11288
11289
11289
11290
11290
11292
11293
11293
11294
11390
11431
11434
11436
11437
11438
11438
11439
11439
11441
11452
11515
11515
11523
11523
11524
11525
11526
11527
11527
11530
11531
11536
11547
11551
11552
11554
11557
11560
11563
11565
11568
11569
11570
11573
11574
11583
11586
11587
11587
11588
11590
11592
11597
11597
11600
11600
11601
11603
11603
11611
11614
11615
11616
11617
11617
11712
11712
11716
11729
11741
11751
11789
11789
11790
11790
11790
11804
11807
11810
11816
11820
11823
11823
11824
11831
11835
11845
11845
11848
11851
11862
11862
11863
11863
11863
11864
11868
11868
11869
11869
11870
11870
11871
11878
11881
11881
11882
11882
11884
11887
11890
11898
11906
11918
11926
11960
11972
11980
11983
11986
11986
11989
11989
11990
11992
11993
12003
12026
12029
12030
12030
12033
12067
12127
12130
12139
12144
12145
12173
12182
12182
12183
12183
12184
12184
12185
12185
12186
12188
12194
12194
12195
12195
12195
12196
12205
12210
12218
12226
12264
12269
12284
12287
12290
12310
12313
12337
12339
12341
12342
12344
12344
12345
12345
12346
12346
12347
12347
12347
12348
12348
12349
12349
12350
12350
12351
12351
12351
12352
12352
12353
12353
12354
12359
12359
12360
12360
12361
12361
12362
12365
12365
12366
12366
12374
12374
12377
12377
12380
12380
12381
12381
12385
12385
12389
12389
12392
12392
12393
12395
12408
12426
12430
12442
12445
12445
12446
12448
12448
12449
12452
12453
12453
12455
12457
12458
12461
12467
12471
12480
12535
12590
12603
12605
12608
12611
12614
12626
12632
12651
12679
12685
12703
12713
12717
12720
12720
12723
12723
12726
12729
12733
12756
12759
12765
12772
12790
12798
12813
12844
12857
12872
12876
12880
12883
12891
12898
12901
12904
12907
12910
12913
12914
12926
12931
12962
12967
12973
12977
12980
12983
12988
12991
12992
12993
12993
12994
12994
12996
13000
13000
13003
13003
13006
13013
13017
13017
13020
13026
13026
13027
13031
13031
13038
13038
13043
13052
13060
13061
13068
13071
13072
13079
13082
13089
13090
13091
13092
13093
13094
13096
13097
13111
13129
13130
13132
13136
13144
13147
13150
13184
13197
13205
13209
13225
13226
13227
13228
13228
13229
13232
13233
13233
13234
13234
13235
13235
13236
13236
13237
13237
13238
13238
13243
13244
13251
13254
13254
13255
13269
13270
13270
13273
13273
13276
13279
13285
13308
13320
13323
13326
13326
13327
13335
13341
13367
13385
13439
13442
13450
13450
13450
13455
13456
13456
13456
13462
13465
13530
13533
13537
13539
13569
13609
13619
13623
13627
13640
13646
13649
13652
13655
13656
13658
13662
13663
13667
13667
13668
13671
13678
13681
13681
13774
13811
13822
13826
13829
13830
13830
13831
13833
13834
13835
13836
13836
13844
13847
13850
13859
13862
13865
13879
13879
13880
13880
13881
13888
13889
13894
13898
13906
13909
13941
13944
13950
13974
13979
14001
14004
14007
14015
14015
14015
14027
14027
14028
14028
14031
14032
14032
14033
14034
14040
14047
14056
14063
14064
14066
14067
14070
14070
14073
14076
14079
14085
14101
14110
14113
14196
14202
14206
14206
14209
14209
14213
14236
14258
14265
14280
14305
14308
14311
14314
14314
14323
14323
14323
14335
14343
14353
14353
14356
14361
14364
14367
14371
14371
14374
14377
14380
14380
14383
14383
14384
14386
14387
14387
14411
14460
14470
14473
14485
14489
14501
14501
14543
14571
14574
14584
14587
14591
14624
14634
14635
14638
14640
14641
14641
14644
14644
14652
14652
14653
14659
14666
14699
14707
14708
14711
14714
14717
14720
14721
14723
14747
14756
14795
14803
14803
14804
14804
14805
14806
14809
14819
14822
14823
14852
14855
14856
14859
14859
14862
14863
14863
14865
14866
14869
14869
14870
14872
14873
14875
14902
14903
14913
14914
14914
14916
14917
14917
14921
14921
14922
14924
14924
14927
14930
14931
14934
14950
14970
14971
14972
14972
14973
14974
14975
14976
14977
14981
14984
14987
14996
15012
15012
15022
15037
15048
15058
15058
15065
15070
15071
15073
15075
15079
15082
15082
15085
15095
15097
15097
15104
15104
15109
15112
15112
15115
15115
15118
15121
15121
15122
15126
15137
15145
15149
15152
15170
15189
15189
15190
15218
15281
15289
15303
15322
15327
15327
15351
15355
15369
15373
15373
15397
15400
15413
15418
15428
15431
15432
15432
15438
15441
15442
15444
15453
15453
15456
15459
15459
15460
15460
15471
15474
15483
15483
15494
15510
15510
15510
15511
15511
15513
15522
15525
15525
15526
15526
15527
15527
15528
15528
15528
15529
15534
15538
15538
15568
15593
15596
15597
15599
15610
15619
15670
15707
15748
15748
15751
15752
15761
15762
15763
15765
15769
15779
15786
15790
15795
15802
15819
15819
15829
15835
15849
15849
15851
15857
15861
15865
15882
15897
15908
15930
15949
15993
15996
15999
15999
16012
16012
16013
16015
16032
16038
16041
16044
16047
16048
16050
16054
16054
16057
16069
16081
16086
16087
16089
16090
16093
16096
16097
16099
16102
16103
16106
16107
16107
16110
16111
16111
16115
16118
16119
16120
16122
16123
16125
16126
16126
16129
16133
16138
16145
16148
16153
16157
16162
16171
16171
16174
16175
16178
16181
16182
16184
16231
16238
16281
16289
16293
16296
16299
16302
16305
16317
16322
16325
16331
16334
16337
16337
16340
16340
16343
16343
16353
16358
16362
16396
16399
16400
16400
16402
16405
16405
16408
16411
16416
16428
16433
16441
16445
16450
16460
16464
16467
16475
16543
16548
16568
16571
16572
16574
16575
16578
16581
16584
16591
16601
16607
16610
16610
16611
16617
16626
16633
16636
16646
16651
16652
16655
16663
16682
16685
16689
16693
16700
16703
16706
16709
16712
16716
16733
16771
16808
16844
16850
16853
16855
16858
16858
16881
16889
16903
16912
16943
16946
16947
16948
16949
16950
16959
16961
16961
16962
16963
16964
16966
16967
16968
16968
16969
16970
16970
16971
16972
16977
16978
16980
16983
16984
16984
16990
16993
16994
16994
16995
16995
16996
17052
17052
17058
17061
17061
17066
17069
17073
17076
17146
17149
17149
17150
17158
17158
17158
17159
17159
17160
17161
17164
17164
17165
17170
17170
17170
17171
17176
17176
17176
17177
17177
17178
17179
17179
17182
17182
17185
17185
17188
17188
17189
17191
17192
17192
17192
17194
17195
17195
17198
17198
17198
17199
17200
17201
17201
17204
17205
17205
17206
17206
17207
17209
17210
17248
17251
17252
17254
17261
17261
17262
17262
17263
17263
17263
17264
17265
17265
17266
17268
17268
17306
17306
17307
17312
17312
17313
17353
17357
17360
17368
17372
17372
17373
17374
17374
17375
17375
17377
17387
17387
17387
17387
17387
17390
17390
17393
17393
17396
17399
17403
17406
17409
17413
17421
17424
17427
17428
17428
17521
17526
17527
17530
17533
17538
17555
17589
17604
17762
17787
17829
17841
17845
17846
17861
17864
17865
17867
17868
17870
17873
17877
17883
17889
17890
17900
17903
17907
17912
17913
17915
17925
17926
17926
17927
17935
17938
18073
18081
18093
18107
18120
18188
18192
18197
18205
18211
18218
20294
20331
20334
20334
20337
20337
20340
20345
20348
20349
20359
20375
20379
20382
20382
20382
20385
20385
20388
20389
20391
20391
20394
20395
20396
20398
20398
20400
20401
20404
20404
20404
20407
20407
20410
20421
20456
20487
20510
20513
20516
20524
20530
20534
20543
20543
20546
20549
20552
20557
20561
20578
20582
20587
20587
20590
20598
20598
20601
20605
20608
20608
20612
20612
20630
20647
20671
20674
20679
20705
20705
20714
20719
20719
20724
20738
20743
20749
20752
20756
20759
20763
20772
20782
20827
20958
20962
20965
20974
20977
20985
20989
20993
20993
21003
21007
21014
21017
21020
21028
21031
21035
21064
21064
21065
21068
21071
21072
21106
21127
21148
21164
21167
21168
21170
21188
21188
21191
21194
21194
21195
21204
21242
21248
21251
21254
21257
21260
21275
21276
21279
21279
21280
21282
21286
21288
21292
21295
21301
21313
21331
21336
21340
21343
21346
21346
21349
21354
21357
21357
21361
21361
21368
21369
21369
21369
21369
21369
21370
21388
21406
21414
21423
21426
21429
21437
21444
21453
21457
21471
21474
21477
21481
21484
21487
21495
21495
21496
21499
21499
21500
21502
21505
21509
21511
21521
21530
21535
21539
21542
21556
21573
21576
21576
21579
21586
21586
21590
21593
21596
21617
21652
21655
21658
21658
21661
21690
21698
21711
21715
21723
21726
21729
21741
21742
21743
21743
21744
21744
21745
21750
21753
21758
21777
21782
21785
21788
21791
21794
21802
21802
21805
21808
21811
21811
21814
21817
21825
21827
21829
21830
21831
21831
21832
21840
21872
21887
21898
21898
21905
21906
21917
21919
21921
21922
21930
21932
21933
21934
21938
21938
21944
21948
21949
21954
21957
21957
21957
21958
21978
21980
21985
21986
21987
21990
21990
21993
21993
21996
22005
22010
22025
22028
22032
22065
22066
22070
22072
22073
22075
22078
22081
22084
22085
22101
22101
22111
22111
22112
22112
22114
22114
22118
22121
22132
22138
22141
22146
22160
22160
22161
22163
22164
22166
22167
22170
22170
22173
22173
22177
22178
22187
22190
22193
22193
22194
22196
22199
22202
22205
22216
22216
22216
22217
22230
22233
22233
22234
22236
22247
22253
22271
22273
22275
22277
22277
22278
22283
22295
22296
22296
22298
22298
22301
22302
22311
22311
22312
22312
22313
22313
22314
22323
22323
22323
22324
22331
22333
22334
22336
22338
22340
22343
22343
22346
22349
22350
22353
22353
22354
22356
22356
22359
22359
22363
22369
22380
22380
22388
22394
22398
22408
22408
22409
22418
22428
22434
22437
22437
22438
22447
22452
22479
22482
22485
22491
22496
22501
22504
22507
22507
22510
22513
22513
22516
22519
22522
22525
22528
22532
22540
22540
22541
22541
22543
22543
22544
22546
22551
22552
22553
22553
22554
22556
22556
22556
22557
22559
22559
22567
22570
22570
22570
22571
22573
22574
22576
22583
22583
22588
22590
22602
22605
22620
22627
22633
22638
22648
22648
22649
22654
22660
22667
22674
22679
22682
22692
22694
22696
22698
22700
22707
22707
22710
22713
22713
22714
22714
22715
22718
22721
22728
22731
22731
22732
22734
22737
22737
22738
22740
22748
22748
22748
22749
22749
22750
22751
22751
22752
22754
22754
22757
22758
22760
22761
22761
22764
22767
22767
22777
22779
22781
22782
22783
22784
22784
22785
22788
22791
22791
22792
22798
22798
22799
22799
22800
22800
22807
22810
22810
22811
22818
22818
22821
22821
22822
22823
22826
22828
22830
22830
22831
22831
22832
22837
22837
22838
22838
22838
22845
22845
22848
22848
22849
22851
22851
22854
22857
22857
22860
22861
22863
22872
22874
22876
22879
22880
22880
22881
22881
22882
22882
22882
22883
22883
22884
22884
22885
22887
22887
22890
22891
22893
22894
22898
22898
22901
22907
22908
22908
22909
22909
22910
22910
22911
22911
22914
22920
22920
22921
22921
22922
22922
22927
22927
22931
22934
22934
22935
22935
22939
22942
22942
22943
22943
22944
22944
22947
22948
22948
22951
22953
22954
22954
22955
22955
22956
22960
22963
22967
22970
22982
22985
22988
22991
22998
22998
23001
23002
23008
23013
23015
23023
23023
23024
23024
23024
23026
23026
23027
23034
23034
23035
23035
23036
23036
23037
23037
23059
23072
23075
23078
23099
23102
23115
23120
23129
23134
23142
23155
23164
23167
23181
23181
23182
23184
23184
23187
23187
23188
23196
23196
23199
23204
23206
23208
23210
23211
23213
23213
23216
23222
23222
23225
23225
23228
23231
23232
23233
23235
23235
23235
23236
23239
23239
23242
23245
23255
23260
23267
23268
23269
23271
23272
23274
23278
23281
23284
23288
23290
23303
23311
23311
23312
23312
23312
23314
23315
23322
23326
23329
23335
23335
23336
23338
23341
23342
23344
23348
23348
23351
23351
23352
23352
23358
23360
23363
23366
23369
23372
23376
23379
23382
23383
23386
23386
23387
23389
23389
23390
23392
23393
23393
23395
23396
23407
23407
23407
23410
23420
23423
23424
23424
23426
23427
23427
23427
23436
23439
23440
23443
23446
23455
23455
23456
23456
23464
23469
23471
23471
23472
23472
23474
23475
23484
23489
23499
23502
23509
23509
23510
23510
23511
23512
23512
23513
23515
23515
23520
23523
23527
23535
23540
23540
23541
23545
23548
23548
23549
23549
23551
23552
23556
23559
23559
23560
23560
23561
23571
23574
23575
23577
23580
23590
23592
23594
23596
23596
23597
23597
23600
23603
23603
23606
23606
23607
23611
23614
23617
23622
23624
23625
23627
23627
23635
23635
23636
23636
23637
23637
23638
23638
23639
23651
23657
23660
23660
23663
23668
23668
23669
23669
23670
23672
23673
23673
23675
23678
23685
23689
23689
23690
23690
23701
23704
23707
23710
23710
23713
23716
23719
23720
23720
23722
23723
23726
23726
23727
23729
23729
23730
23730
23732
23732
23733
23733
23735
23735
23739
23740
23741
23741
23742
23743
23744
23745
23745
23747
23748
23748
23750
23751
23751
23753
23757
23757
23757
23758
23760
23763
23763
23764
23764
23766
23766
23767
23769
23776
23776
23777
23779
23779
23782
23782
23783
23783
23784
23785
23785
23786
23786
23791
23791
23792
23792
23793
23796
23797
23798
23799
23801
23802
23803
23806
23807
23807
23807
23808
23808
23809
23815
23815
23815
23816
23818
23828
23828
23829
23831
23831
23832
23835
23835
23836
23836
23836
23838
23845
23845
23845
23846
23846
23847
23847
23848
23848
23849
23851
23851
23852
23856
23858
23860
23862
23864
23868
23870
23872
23874
23876
23878
23881
23883
23885
23887
23888
23889
23889
23890
23890
23891
23891
23892
23892
23893
23893
23893
23894
23894
23895
23895
23896
23896
23897
23897
23898
23898
23899
23899
23900
23901
23901
23902
23903
23904
23904
23905
23906
23906
23907
23908
23910
23912
23914
23914
23915
23915
23916
23916
23917
23917
23918
23918
23919
23919
23920
23920
23921
23921
23922
23922
23923
23923
23924
23924
23927
23927
23928
23928
23930
23930
23931
23933
23939
23942
23943
23943
23944
23944
23944
23945
23948
23948
23949
23949
23952
23952
23953
23953
23955
23957
23957
23958
23958
23961
23962
23962
23964
23964
23965
23967
23968
23970
23971
23971
23973
23974
23974
23974
23976
23977
23977
23979
23980
23980
23981
23989
23992
23992
23992
23993
23993
23995
23998
23998
23999
23999
24000
24003
24006
24006
24007
24013
24014
24014
24015
24015
24018
24019
24019
24020
24020
24021
24021
24022
24022
24023
24030
24033
24033
24034
24036
24037
24038
24039
24039
24040
24040
24041
24041
24042
24042
24043
24052
24055
24056
24056
24057
24058
24058
24059
24061
24061
24062
24064
24064
24065
24065
24067
24068
24068
24069
24070
24071
24071
24072
24073
24074
24074
24075
24075
24077
24077
24078
24078
24086
24089
24089
24090
24090
24090
24091
24091
24092
24092
24097
24100
24100
24101
24103
24103
24106
24106
24109
24110
24110
24112
24113
24115
24116
24120
24120
24121
24124
24124
24124
24127
24127
24130
24133
24134
24134
24134
24135
24135
24136
24136
24137
24137
24138
24144
24145
24145
24147
24147
24148
24148
24151
24151
24152
24152
24152
24153
24154
24161
24161
24161
24164
24165
24168
24168
24168
24171
24174
24175
24175
24176
24176
24183
24183
24183
24184
24184
24185
24185
24186
24187
24187
24189
24190
24190
24193
24193
24194
24202
24202
24203
24203
24203
24206
24206
24209
24219
24220
24220
24220
24221
24221
24222
24222
24223
24223
24223
24224
24224
24225
24226
24227
24227
24229
24230
24230
24233
24233
24234
24234
24236
24236
24237
24239
24240
24243
24248
24251
24251
24251
24252
24252
24253
24253
24254
24255
24255
24256
24258
24259
24259
24262
24262
24263
24265
24265
24266
24266
24268
24274
24275
24275
24276
24276
24278
24278
24284
24284
24284
24285
24285
24286
24286
24287
24287
24287
24290
24290
24291
24291
24293
24294
24296
24297
24303
24303
24303
24304
24304
24306
24306
24307
24307
24307
24309
24310
24310
24312
24312
24313
24315
24315
24316
24316
24318
24319
24326
24326
24326
24327
24327
24328
24329
24329
24332
24332
24333
24336
24336
24337
24337
24337
24339
24342
24342
24343
24344
24347
24348
24348
24349
24352
24352
24355
24355
24356
24356
24357
24357
24358
24358
24358
24359
24365
24365
24366
24366
24367
24367
24372
24372
24375
24375
24376
24376
24377
24377
24378
24378
24382
24382
24383
24385
24385
24386
24389
24391
24392
24392
24393
24393
24394
24394
24395
24395
24395
24396
24397
24398
24398
24400
24407
24410
24410
24411
24411
24412
24413
24413
24417
24417
24418
24418
24419
24420
24420
24421
24421
24423
24423
24424
24426
24427
24427
24429
24430
24433
24433
24433
24440
24440
24441
24441
24441
24442
24443
24443
24443
24444
24446
24447
24447
24449
24453
24453
24456
24456
24457
24459
24459
24460
24462
24462
24465
24466
24466
24468
24469
24469
24471
24472
24472
24475
24475
24475
24478
24478
24478
24479
24481
24484
24484
24485
24485
24487
24487
24488
24488
24490
24498
24498
24501
24502
24503
24504
24505
24505
24505
24506
24507
24507
24508
24508
24508
24509
24509
24510
24511
24518
24518
24519
24519
24521
24521
24522
24522
24523
24523
24524
24524
24525
24527
24528
24528
24528
24529
24535
24536
24539
24539
24540
24540
24542
24543
24544
24544
24544
24545
24545
24546
24546
24547
24551
24551
24551
24552
24552
24553
24553
24556
24557
24560
24560
24561
24561
24562
24562
24563
24563
24564
24564
24564
24565
24565
24566
24567
24568
24573
24573
24573
24574
24576
24576
24577
24577
24578
24580
24580
24581
24581
24582
24582
24583
24583
24584
24584
24586
24586
24587
24587
24591
24591
24592
24592
24593
24593
24593
24595
24596
24596
24597
24598
24599
24599
24602
24602
24603
24609
24612
24613
24614
24614
24615
24615
24616
24616
24617
24617
24618
24618
24618
24619
24619
24626
24626
24627
24629
24629
24630
24630
24631
24640
24642
24644
24645
24645
24646
24646
24647
24650
24650
24651
24653
24653
24658
24661
24661
24662
24664
24667
24670
24671
24675
24682
24685
24685
24686
24686
24688
24689
24693
24696
24696
24697
24739
24749
24749
24752
24760
24760
24761
24763
24763
24764
24766
24767
24767
24777
24781
24781
24784
24785
24787
24788
24788
24790
24790
24791
24793
24794
24796
24797
24797
24811
24811
24812
24820
24820
24829
24831
24833
24839
24841
24843
24845
24845
24846
24849
24849
24861
24861
24861
24862
24864
24867
24870
24871
24879
24879
24880
24885
24885
24890
24890
24897
24897
24897
24919
24928
24932
24947
24950
24950
24953
24956
24960
24960
24963
24973
24973
24978
24981
24983
24985
24988
24989
24991
24992
24992
24995
24996
24996
24998
24998
25001
25004
25007
25010
25011
25013
25014
25016
25020
25020
25027
25027
25031
25034
25034
25061
25091
25094
25094
25097
25097
25100
25102
25105
25107
25109
25109
25110
25110
25111
25113
25114
25116
25116
25118
25119
25120
25122
25122
25125
25128
25136
25136
25146
25151
25151
25154
25169
25174
25181
25193
25193
25196
25196
25199
25200
25202
25203
25203
25206
25206
25207
25209
25210
25214
25215
25216
25216
25216
25219
25220
25220
25222
25223
25225
25231
25231
25232
25232
25233
25233
25234
25241
25241
25242
25242
25251
25251
25254
25254
25260
25260
25263
25266
25266
25269
25272
25273
25273
25273
25274
25274
25275
25275
25276
25278
25279
25279
25281
25282
25284
25285
25293
25296
25296
25297
25297
25297
25300
25300
25303
25307
25307
25311
25315
25315
25318
25318
25319
25321
25324
25325
25327
25328
25330
25331
25331
25333
25334
25334
25336
25337
25337
25340
25340
25341
25341
25343
25343
25344
25344
25346
25346
25347
25349
25349
25352
25353
25353
25355
25355
25356
25356
25358
25359
25359
25360
25361
25367
25368
25368
25371
25374
25374
25375
25377
25377
25380
25380
25381
25383
25386
25389
25390
25393
25396
25399
25402
25402
25406
25410
25412
25414
25415
25415
25416
25416
25417
25418
25421
25421
25429
25437
25448
25466
25480
25516
25549
25552
25574
25579
25594
25598
25610
25617
25617
25622
25626
25626
25629
25629
25651
25651
25654
25665
25683
25686
25696
25697
25698
25698
25701
25701
25701
25705
25708
25711
25720
25721
25722
25725
25725
25726
25726
25727
25728
25728
25745
25748
25756
25756
25757
25759
25767
25768
25769
25769
25770
25772
25775
25778
25781
25794
25794
25807
25810
25813
25831
25834
25834
25834
25837
25838
25838
25844
25845
25845
25846
25848
25848
25851
25851
25854
25854
25855
25857
25857
25860
25863
25864
25864
25868
25870
25872
25874
25875
25875
25875
25876
25876
25880
25880
25882
25885
25885
25894
25894
25894
25895
25897
25897
25901
25904
25906
25909
25913
25934
25938
25943
25946
25948
25950
25952
25955
25957
25959
25961
25963
25964
25965
25965
25966
25966
25967
25967
25967
25968
25968
25969
25969
25970
25970
25972
25973
25975
25976
25976
25978
25979
25979
25980
25981
25982
25990
25990
25990
25991
25996
26000
26000
26001
26001
26002
26002
26003
26003
26004
26004
26006
26006
26009
26010
26010
26013
26014
26017
26020
26021
26022
26023
26024
26024
26026
26027
26027
26028
26030
26030
26030
26033
26033
26034
26037
26037
26038
26040
26040
26041
26043
26044
26044
26046
26047
26047
26051
26051
26061
26067
26067
26068
26068
26070
26073
26076
26082
26082
26083
26085
26091
26091
26094
26094
26094
26095
26095
26096
26097
26097
26098
26098
26100
26100
26101
26103
26103
26104
26104
26106
26107
26107
26109
26110
26110
26111
26118
26118
26119
26119
26120
26120
26120
26121
26121
26122
26124
26125
26125
26126
26126
26128
26128
26129
26129
26131
26137
26138
26138
26139
26139
26140
26141
26142
26145
26145
26146
26146
26149
26149
26150
26150
26150
26152
26153
26153
26156
26158
26159
26159
26166
26166
26166
26167
26167
26170
26170
26173
26173
26174
26174
26175
26180
26180
26181
26184
26187
26187
26190
26190
26199
26199
26199
26200
26208
26211
26211
26212
26221
26224
26224
26225
26230
26230
26233
26233
26236
26240
26250
26250
26250
26251
26262
26262
26269
26269
26270
26270
26270
26272
26272
26279
26279
26279
26280
26282
26286
26286
26286
26291
26296
26296
26297
26297
26297
26298
26299
26299
26302
26302
26305
26305
26308
26308
26309
26311
26314
26317
26318
26318
26327
26327
26328
26330
26330
26331
26332
26339
26342
26342
26343
26343
26343
26344
26352
26352
26355
26358
26359
26359
26359
26360
26361
26362
26362
26365
26365
26366
26368
26371
26372
26375
26378
26378
26381
26384
26385
26387
26388
26388
26391
26391
26391
26394
26394
26397
26401
26402
26404
26414
26414
26414
26415
26417
26420
26421
26423
26430
26431
26431
26432
26432
26433
26433
26434
26435
26435
26438
26441
26454
26466
26470
26470
26473
26481
26484
26484
26485
26488
26488
26488
26489
26489
26491
26491
26494
26497
26498
26501
26504
26504
26507
26507
26510
26514
26514
26515
26515
26524
26524
26524
26525
26525
26527
26527
26535
26535
26535
26552
26555
26558
26561
26561
26571
26574
26577
26580
26584
26587
26590
26590
26621
26631
26641
26645
26648
26658
26661
26669
26669
26670
26672
26675
26678
26679
26681
26690
26690
26691
26691
26692
26692
26692
26693
26694
26702
26702
26702
26705
26719
26725
26728
26735
26738
26742
26745
26745
26748
26748
26749
26751
26752
26752
26753
26755
26761
26776
26796
26811
26826
26829
26829
26829
26832
26832
26833
26833
26835
26849
26865
26865
26870
26875
26879
26882
26885
26893
26893
26900
26900
26904
26907
26908
26908
26909
26914
26914
26914
26915
26916
26916
26917
26917
26920
26931
26931
26932
26942
26959
26969
26969
26974
26975
26984
26987
26987
26988
26990
26990
26993
26997
27002
27012
27012
27016
27019
27022
27025
27028
27031
27037
27041
27041
27041
27050
27050
27051
27051
27052
27052
27053
27053
27054
27056
27057
27059
27060
27062
27063
27063
27065
27066
27066
27068
27071
27083
27086
27089
27095
27104
27107
27110
27113
27116
27128
27144
27152
27157
27160
27163
27171
27172
27173
27174
27175
27176
27176
27177
27177
27180
27181
27181
27182
27182
27184
27184
27187
27188
27190
27191
27191
27193
27194
27194
27195
27196
27200
27200
27207
27208
27208
27209
27209
27211
27211
27214
27214
27217
27218
27220
27223
27224
27226
27229
27230
27230
27231
27233
27233
27234
27234
27236
27236
27237
27239
27239
27240
27248
27252
27252
27255
27259
27262
27272
27272
27306
27316
27338
27360
27363
27369
27372
27382
27390
27390
27395
27395
27395
27396
27398
27403
27406
27409
27417
27421
27425
27435
27435
27446
27455
27465
27468
27471
27474
27478
27484
27487
27487
27490
27493
27493
27496
27497
27499
27500
27502
27506
27506
27509
27512
27515
27518
27559
27576
27588
27608
27613
27617
27620
27623
27628
27632
27651
27666
27671
27674
27680
27702
27705
27708
27711
27714
27715
27715
27717
27718
27720
27724
27724
27727
27727
27735
27735
27736
27736
27737
27738
27738
27741
27742
27744
27745
27747
27748
27750
27751
27754
27754
27757
27757
27760
27760
27761
27763
27763
27766
27766
27769
27772
27775
27775
27778
27778
27781
27784
27784
27785
27787
27787
27788
27788
27790
27791
27793
27794
27797
27797
27800
27803
27803
27806
27806
27809
27812
27812
27813
27815
27816
27816
27819
27819
27822
27825
27825
27829
27829
27830
27832
27833
27835
27836
27839
27840
27840
27841
27849
27853
27854
27854
27854
27855
27855
27855
27856
27856
27857
27858
27858
27859
27860
27861
27862
27864
27865
27866
27867
27868
27869
27870
27871
27872
27874
27874
27877
27877
27880
27880
27881
27883
27886
27887
27887
27888
27889
27890
27892
27893
27896
27896
27899
27899
27902
27914
27916
27917
27918
27919
27920
27920
27921
27929
27932
27933
27933
27934
27940
27948
27952
27960
27963
27966
27969
27978
27981
27984
27987
27990
27990
27991
27993
27993
27994
27996
28005
28005
28005
28006
28006
28010
28010
28010
28016
28016
28017
28017
28017
28018
28019
28019
28022
28022
28023
28023
28025
28025
28028
28028
28035
28036
28036
28039
28039
28042
28042
28043
28043
28043
28044
28051
28051
28055
28058
28058
28061
28061
28070
28070
28071
28071
28071
28072
28073
28076
28079
28085
28088
28095
28099
28099
